-- TINY GP (Julia version) --
SEED=-1
MAX_LEN=50
POPSIZE=500
DEPTH=5
CROSSOVER_PROB=0.900000
PMUT_PER_NODE=0.050000
GENERATIONS=200
TSIZE=2
----------------------------------
gen,fevals,best_fitness,dl,MSE_train,MSE_test,R2_train,R2_test,nll_train,nll_test,avg_len,avg_fitness,size,Expression
1,7093,76.73957,113.09732,0.2937776,0.51597476,0.787985,0.18360704,76.73957,42.36933,5.788,Inf,14,"((sin(((0.3848057 / X1) / X3)) * -1.4273094) + (0.5305167 ^ (1.1298968 - X4))) [likelihood params: Float32[]]"
2,13415,76.73957,113.09732,0.2937776,0.51597476,0.787985,0.18360704,76.73957,42.36933,5.442,Inf,14,"((sin(((0.3848057 / X1) / X3)) * -1.4273094) + (0.5305167 ^ (1.1298968 - X4))) [likelihood params: Float32[]]"
3,20433,76.73957,113.09732,0.2937776,0.51597476,0.787985,0.18360704,76.73957,42.36933,5.486,Inf,14,"((sin(((0.3848057 / X1) / X3)) * -1.4273094) + (0.5305167 ^ (1.1298968 - X4))) [likelihood params: Float32[]]"
4,26391,76.73957,113.09732,0.2937776,0.51597476,0.787985,0.18360704,76.73957,42.36933,6.17,Inf,14,"((sin(((0.3848057 / X1) / X3)) * -1.4273094) + (0.5305167 ^ (1.1298968 - X4))) [likelihood params: Float32[]]"
5,32562,76.73957,113.09732,0.2937776,0.51597476,0.787985,0.18360704,76.73957,42.36933,7.39,Inf,14,"((sin(((0.3848057 / X1) / X3)) * -1.4273094) + (0.5305167 ^ (1.1298968 - X4))) [likelihood params: Float32[]]"
6,38722,76.73957,113.09732,0.2937776,0.51597476,0.787985,0.18360704,76.73957,42.36933,8.096,Inf,14,"((sin(((0.3848057 / X1) / X3)) * -1.4273094) + (0.5305167 ^ (1.1298968 - X4))) [likelihood params: Float32[]]"
7,44511,76.73957,113.09732,0.2937776,0.51597476,0.787985,0.18360704,76.73957,42.36933,9.112,Inf,14,"((sin(((0.3848057 / X1) / X3)) * -1.4273094) + (0.5305167 ^ (1.1298968 - X4))) [likelihood params: Float32[]]"
8,50261,75.94568,134.99252,0.27172512,0.4503056,0.8039,0.287511,75.94568,41.187286,10.544,Inf,25,"(1.9509048 / (-0.41339287 + (sqrt(exp(3.7630935)) / (sin(exp(0.44363058)) + (((((X1 / 0.6895608) - X1) + (X4 + 0.12705502)) - 0.8031856) + X4))))) [likelihood params: Float32[]]"
9,55974,75.94554,134.99637,0.2717213,0.45034844,0.80390275,0.28744322,75.94554,41.188057,11.898,Inf,25,"(1.9508628 / (-0.41339085 + (sqrt(exp(3.7631104)) / (sin(exp(0.4515114)) + (((((X1 / 0.6895523) - X1) + (X4 + 0.12723759)) - 0.803003) + X4))))) [likelihood params: Float32[]]"
10,61538,75.94554,134.99637,0.2717213,0.45034844,0.80390275,0.28744322,75.94554,41.188057,13.164,Inf,25,"(1.9508628 / (-0.41339085 + (sqrt(exp(3.7631104)) / (sin(exp(0.4515114)) + (((((X1 / 0.6895523) - X1) + (X4 + 0.12723759)) - 0.803003) + X4))))) [likelihood params: Float32[]]"
11,66776,75.94554,134.99637,0.2717213,0.45034844,0.80390275,0.28744322,75.94554,41.188057,14.642,Inf,25,"(1.9508628 / (-0.41339085 + (sqrt(exp(3.7631104)) / (sin(exp(0.4515114)) + (((((X1 / 0.6895523) - X1) + (X4 + 0.12723759)) - 0.803003) + X4))))) [likelihood params: Float32[]]"
12,71647,75.94554,134.99637,0.2717213,0.45034844,0.80390275,0.28744322,75.94554,41.188057,16.63,Inf,25,"(1.9508628 / (-0.41339085 + (sqrt(exp(3.7631104)) / (sin(exp(0.4515114)) + (((((X1 / 0.6895523) - X1) + (X4 + 0.12723759)) - 0.803003) + X4))))) [likelihood params: Float32[]]"
13,76469,74.15988,95.18108,0.22211957,0.15010099,0.8396996,0.76250505,74.15988,35.783604,18.118,Inf,9,"((sin(exp(1.0647727)) * X3) + (X4 + -0.3314311)) [likelihood params: Float32[]]"
14,81672,73.24748,107.654,0.19677515,0.101178356,0.85799026,0.8399121,73.24748,34.902996,19.242,Inf,15,"(3.2783575 / (-0.024451258 + (sqrt(exp(3.9272578)) / (sin(exp(-546.61774)) + (X3 + X4))))) [likelihood params: Float32[]]"
15,86346,73.24748,107.654,0.19677515,0.101178356,0.85799026,0.8399121,73.24748,34.902996,19.924,Inf,15,"(3.2783575 / (-0.024451258 + (sqrt(exp(3.9272578)) / (sin(exp(-546.61774)) + (X3 + X4))))) [likelihood params: Float32[]]"
16,91507,73.24748,107.654,0.19677515,0.101178356,0.85799026,0.8399121,73.24748,34.902996,20.394,Inf,15,"(3.2783575 / (-0.024451258 + (sqrt(exp(3.9272578)) / (sin(exp(-546.61774)) + (X3 + X4))))) [likelihood params: Float32[]]"
17,96614,73.24748,107.654,0.19677515,0.101178356,0.85799026,0.8399121,73.24748,34.902996,20.968,Inf,15,"(3.2783575 / (-0.024451258 + (sqrt(exp(3.9272578)) / (sin(exp(-546.61774)) + (X3 + X4))))) [likelihood params: Float32[]]"
18,101517,73.24604,104.5508,0.19673519,0.10129711,0.8580191,0.83972424,73.24604,34.905136,21.54,Inf,14,"(2.2220688 / (-0.012804163 + (sqrt(exp(3.1273308)) / (sin(-0.027563874) + (X3 + X4))))) [likelihood params: Float32[]]"
19,106394,73.24604,104.5508,0.19673519,0.10129711,0.8580191,0.83972424,73.24604,34.905136,22.718,Inf,14,"(2.2220688 / (-0.012804163 + (sqrt(exp(3.1273308)) / (sin(-0.027563874) + (X3 + X4))))) [likelihood params: Float32[]]"
20,110981,73.24604,104.5508,0.19673519,0.10129711,0.8580191,0.83972424,73.24604,34.905136,24.036,Inf,14,"(2.2220688 / (-0.012804163 + (sqrt(exp(3.1273308)) / (sin(-0.027563874) + (X3 + X4))))) [likelihood params: Float32[]]"
21,115931,73.24604,104.5508,0.19673519,0.10129711,0.8580191,0.83972424,73.24604,34.905136,24.292,Inf,14,"(2.2220688 / (-0.012804163 + (sqrt(exp(3.1273308)) / (sin(-0.027563874) + (X3 + X4))))) [likelihood params: Float32[]]"
22,120844,72.19578,132.8992,0.16756131,0.19643804,0.8790735,0.68918896,72.19578,36.617672,25.078,Inf,24,"(((0.72835606 ^ X4) + (1.4269427 - 1.3194441)) + (0.71157277 ^ ((-2.0678768 + (sqrt(exp(4.7328277)) / (sin(1.5673907) + (X3 + X4)))) - X4))) [likelihood params: Float32[]]"
23,125829,72.19578,132.90018,0.16756123,0.19643824,0.87907356,0.68918866,72.19578,36.617676,25.186,Inf,24,"(((0.72835606 ^ X4) + (1.4269427 - 1.3194441)) + (0.7115729 ^ ((-2.0678787 + (sqrt(exp(4.7328258)) / (sin(1.5706191) + (X3 + X4)))) - X4))) [likelihood params: Float32[]]"
24,130538,72.19578,132.90018,0.16756123,0.19643824,0.87907356,0.68918866,72.19578,36.617676,26.316,Inf,24,"(((0.72835606 ^ X4) + (1.4269427 - 1.3194441)) + (0.7115729 ^ ((-2.0678787 + (sqrt(exp(4.7328258)) / (sin(1.5706191) + (X3 + X4)))) - X4))) [likelihood params: Float32[]]"
25,135316,71.89514,111.4588,0.15921012,0.12614532,0.8851004,0.80040854,71.89514,35.3524,27.028,Inf,15,"(0.79315686 ^ ((-5.9689417 + (sqrt(exp(6.918313)) / (2.1617093 + (X3 + X4)))) - X4)) [likelihood params: Float32[]]"
26,140096,71.89514,111.4588,0.15921012,0.12614532,0.8851004,0.80040854,71.89514,35.3524,27.954,Inf,15,"(0.79315686 ^ ((-5.9689417 + (sqrt(exp(6.918313)) / (2.1617093 + (X3 + X4)))) - X4)) [likelihood params: Float32[]]"
27,145310,71.89514,111.4588,0.15921012,0.12614532,0.8851004,0.80040854,71.89514,35.3524,29.306,Inf,15,"(0.79315686 ^ ((-5.9689417 + (sqrt(exp(6.918313)) / (2.1617093 + (X3 + X4)))) - X4)) [likelihood params: Float32[]]"
28,150301,71.89514,111.4588,0.15921012,0.12614532,0.8851004,0.80040854,71.89514,35.3524,30.44,Inf,15,"(0.79315686 ^ ((-5.9689417 + (sqrt(exp(6.918313)) / (2.1617093 + (X3 + X4)))) - X4)) [likelihood params: Float32[]]"
29,155191,71.89514,111.4588,0.15921012,0.12614532,0.8851004,0.80040854,71.89514,35.3524,31.052,Inf,15,"(0.79315686 ^ ((-5.9689417 + (sqrt(exp(6.918313)) / (2.1617093 + (X3 + X4)))) - X4)) [likelihood params: Float32[]]"
30,160884,71.89514,111.4588,0.15921012,0.12614532,0.8851004,0.80040854,71.89514,35.3524,29.922,Inf,15,"(0.79315686 ^ ((-5.9689417 + (sqrt(exp(6.918313)) / (2.1617093 + (X3 + X4)))) - X4)) [likelihood params: Float32[]]"
31,166238,71.89514,111.4588,0.15921012,0.12614532,0.8851004,0.80040854,71.89514,35.3524,30.31,Inf,15,"(0.79315686 ^ ((-5.9689417 + (sqrt(exp(6.918313)) / (2.1617093 + (X3 + X4)))) - X4)) [likelihood params: Float32[]]"
32,171975,71.89514,111.4588,0.15921012,0.12614532,0.8851004,0.80040854,71.89514,35.3524,31.564,Inf,15,"(0.79315686 ^ ((-5.9689417 + (sqrt(exp(6.918313)) / (2.1617093 + (X3 + X4)))) - X4)) [likelihood params: Float32[]]"
33,177503,71.89514,111.4588,0.15921012,0.12614532,0.8851004,0.80040854,71.89514,35.3524,32.382,Inf,15,"(0.79315686 ^ ((-5.9689417 + (sqrt(exp(6.918313)) / (2.1617093 + (X3 + X4)))) - X4)) [likelihood params: Float32[]]"
34,183163,71.89514,111.4588,0.15921012,0.12614532,0.8851004,0.80040854,71.89514,35.3524,32.29,Inf,15,"(0.79315686 ^ ((-5.9689417 + (sqrt(exp(6.918313)) / (2.1617093 + (X3 + X4)))) - X4)) [likelihood params: Float32[]]"
35,189216,71.89514,111.4588,0.15921012,0.12614532,0.8851004,0.80040854,71.89514,35.3524,32.182,Inf,15,"(0.79315686 ^ ((-5.9689417 + (sqrt(exp(6.918313)) / (2.1617093 + (X3 + X4)))) - X4)) [likelihood params: Float32[]]"
36,195555,71.89514,111.4588,0.15921012,0.12614532,0.8851004,0.80040854,71.89514,35.3524,33.27,Inf,15,"(0.79315686 ^ ((-5.9689417 + (sqrt(exp(6.918313)) / (2.1617093 + (X3 + X4)))) - X4)) [likelihood params: Float32[]]"
37,202266,71.89514,111.4588,0.15921012,0.12614532,0.8851004,0.80040854,71.89514,35.3524,33.734,Inf,15,"(0.79315686 ^ ((-5.9689417 + (sqrt(exp(6.918313)) / (2.1617093 + (X3 + X4)))) - X4)) [likelihood params: Float32[]]"
38,209216,71.87383,138.07986,0.15861836,0.12258552,0.8855275,0.806041,71.87383,35.288326,34.21,Inf,29,"((((0.5406272 + X4) ^ 1.0618066) - 0.56494725) * (0.53051513 ^ (1.1299038 - ((0.794259 + (-0.0053242138 / X4)) ^ ((-6.155063 + (35.246815 / (2.5476 + (X3 + X4)))) - X4))))) [likelihood params: Float32[]]"
39,216044,71.87383,138.07986,0.15861836,0.12258552,0.8855275,0.806041,71.87383,35.288326,34.526,Inf,29,"((((0.5406272 + X4) ^ 1.0618066) - 0.56494725) * (0.53051513 ^ (1.1299038 - ((0.794259 + (-0.0053242138 / X4)) ^ ((-6.155063 + (35.246815 / (2.5476 + (X3 + X4)))) - X4))))) [likelihood params: Float32[]]"
40,222575,71.83916,195.25606,0.15765506,0.14338785,0.88622266,0.7731268,71.83916,35.66277,35.186,Inf,45,"(((0.16187736 ^ 1.0618066) + X4) + ((sin((1.3195692 + ((X2 ^ (2.5342388 - sqrt(abs((X4 - sqrt(abs(X4))))))) / X4))) * X4) + (0.69465375 ^ ((sqrt(exp(5.71595)) / (X4 + (X3 + 1.7783678))) - ((X4 + (exp(log(abs(41.50285))) * 0.10123516)) - sqrt(abs(X4))))))) [likelihood params: Float32[]]"
41,229218,71.83916,195.25606,0.15765506,0.14338785,0.88622266,0.7731268,71.83916,35.66277,35.03,Inf,45,"(((0.16187736 ^ 1.0618066) + X4) + ((sin((1.3195692 + ((X2 ^ (2.5342388 - sqrt(abs((X4 - sqrt(abs(X4))))))) / X4))) * X4) + (0.69465375 ^ ((sqrt(exp(5.71595)) / (X4 + (X3 + 1.7783678))) - ((X4 + (exp(log(abs(41.50285))) * 0.10123516)) - sqrt(abs(X4))))))) [likelihood params: Float32[]]"
42,235779,71.83916,195.25606,0.15765506,0.14338785,0.88622266,0.7731268,71.83916,35.66277,35.724,Inf,45,"(((0.16187736 ^ 1.0618066) + X4) + ((sin((1.3195692 + ((X2 ^ (2.5342388 - sqrt(abs((X4 - sqrt(abs(X4))))))) / X4))) * X4) + (0.69465375 ^ ((sqrt(exp(5.71595)) / (X4 + (X3 + 1.7783678))) - ((X4 + (exp(log(abs(41.50285))) * 0.10123516)) - sqrt(abs(X4))))))) [likelihood params: Float32[]]"
43,243047,71.83916,195.25606,0.15765506,0.14338785,0.88622266,0.7731268,71.83916,35.66277,36.492,Inf,45,"(((0.16187736 ^ 1.0618066) + X4) + ((sin((1.3195692 + ((X2 ^ (2.5342388 - sqrt(abs((X4 - sqrt(abs(X4))))))) / X4))) * X4) + (0.69465375 ^ ((sqrt(exp(5.71595)) / (X4 + (X3 + 1.7783678))) - ((X4 + (exp(log(abs(41.50285))) * 0.10123516)) - sqrt(abs(X4))))))) [likelihood params: Float32[]]"
44,250063,71.83916,195.25606,0.15765506,0.14338785,0.88622266,0.7731268,71.83916,35.66277,35.882,Inf,45,"(((0.16187736 ^ 1.0618066) + X4) + ((sin((1.3195692 + ((X2 ^ (2.5342388 - sqrt(abs((X4 - sqrt(abs(X4))))))) / X4))) * X4) + (0.69465375 ^ ((sqrt(exp(5.71595)) / (X4 + (X3 + 1.7783678))) - ((X4 + (exp(log(abs(41.50285))) * 0.10123516)) - sqrt(abs(X4))))))) [likelihood params: Float32[]]"
45,257555,71.83916,195.25606,0.15765506,0.14338785,0.88622266,0.7731268,71.83916,35.66277,34.392,Inf,45,"(((0.16187736 ^ 1.0618066) + X4) + ((sin((1.3195692 + ((X2 ^ (2.5342388 - sqrt(abs((X4 - sqrt(abs(X4))))))) / X4))) * X4) + (0.69465375 ^ ((sqrt(exp(5.71595)) / (X4 + (X3 + 1.7783678))) - ((X4 + (exp(log(abs(41.50285))) * 0.10123516)) - sqrt(abs(X4))))))) [likelihood params: Float32[]]"
46,265367,71.83916,195.25606,0.15765506,0.14338785,0.88622266,0.7731268,71.83916,35.66277,35.864,Inf,45,"(((0.16187736 ^ 1.0618066) + X4) + ((sin((1.3195692 + ((X2 ^ (2.5342388 - sqrt(abs((X4 - sqrt(abs(X4))))))) / X4))) * X4) + (0.69465375 ^ ((sqrt(exp(5.71595)) / (X4 + (X3 + 1.7783678))) - ((X4 + (exp(log(abs(41.50285))) * 0.10123516)) - sqrt(abs(X4))))))) [likelihood params: Float32[]]"
47,273388,71.83916,195.25606,0.15765506,0.14338785,0.88622266,0.7731268,71.83916,35.66277,37.116,Inf,45,"(((0.16187736 ^ 1.0618066) + X4) + ((sin((1.3195692 + ((X2 ^ (2.5342388 - sqrt(abs((X4 - sqrt(abs(X4))))))) / X4))) * X4) + (0.69465375 ^ ((sqrt(exp(5.71595)) / (X4 + (X3 + 1.7783678))) - ((X4 + (exp(log(abs(41.50285))) * 0.10123516)) - sqrt(abs(X4))))))) [likelihood params: Float32[]]"
48,280973,71.83916,195.25606,0.15765506,0.14338785,0.88622266,0.7731268,71.83916,35.66277,35.53,Inf,45,"(((0.16187736 ^ 1.0618066) + X4) + ((sin((1.3195692 + ((X2 ^ (2.5342388 - sqrt(abs((X4 - sqrt(abs(X4))))))) / X4))) * X4) + (0.69465375 ^ ((sqrt(exp(5.71595)) / (X4 + (X3 + 1.7783678))) - ((X4 + (exp(log(abs(41.50285))) * 0.10123516)) - sqrt(abs(X4))))))) [likelihood params: Float32[]]"
49,288930,71.83916,195.25606,0.15765506,0.14338785,0.88622266,0.7731268,71.83916,35.66277,35.568,Inf,45,"(((0.16187736 ^ 1.0618066) + X4) + ((sin((1.3195692 + ((X2 ^ (2.5342388 - sqrt(abs((X4 - sqrt(abs(X4))))))) / X4))) * X4) + (0.69465375 ^ ((sqrt(exp(5.71595)) / (X4 + (X3 + 1.7783678))) - ((X4 + (exp(log(abs(41.50285))) * 0.10123516)) - sqrt(abs(X4))))))) [likelihood params: Float32[]]"
50,296488,71.83916,195.25606,0.15765506,0.14338785,0.88622266,0.7731268,71.83916,35.66277,36.194,Inf,45,"(((0.16187736 ^ 1.0618066) + X4) + ((sin((1.3195692 + ((X2 ^ (2.5342388 - sqrt(abs((X4 - sqrt(abs(X4))))))) / X4))) * X4) + (0.69465375 ^ ((sqrt(exp(5.71595)) / (X4 + (X3 + 1.7783678))) - ((X4 + (exp(log(abs(41.50285))) * 0.10123516)) - sqrt(abs(X4))))))) [likelihood params: Float32[]]"
51,304223,71.83916,195.25606,0.15765506,0.14338785,0.88622266,0.7731268,71.83916,35.66277,36.122,Inf,45,"(((0.16187736 ^ 1.0618066) + X4) + ((sin((1.3195692 + ((X2 ^ (2.5342388 - sqrt(abs((X4 - sqrt(abs(X4))))))) / X4))) * X4) + (0.69465375 ^ ((sqrt(exp(5.71595)) / (X4 + (X3 + 1.7783678))) - ((X4 + (exp(log(abs(41.50285))) * 0.10123516)) - sqrt(abs(X4))))))) [likelihood params: Float32[]]"
52,311970,71.83916,195.25606,0.15765506,0.14338785,0.88622266,0.7731268,71.83916,35.66277,35.46,Inf,45,"(((0.16187736 ^ 1.0618066) + X4) + ((sin((1.3195692 + ((X2 ^ (2.5342388 - sqrt(abs((X4 - sqrt(abs(X4))))))) / X4))) * X4) + (0.69465375 ^ ((sqrt(exp(5.71595)) / (X4 + (X3 + 1.7783678))) - ((X4 + (exp(log(abs(41.50285))) * 0.10123516)) - sqrt(abs(X4))))))) [likelihood params: Float32[]]"
53,319908,71.13313,171.64935,0.13804334,0.13937029,0.9003762,0.77948356,71.13313,35.590454,34.99,Inf,35,"(((X3 + 0.10123516) + X4) + (1.073635 + (0.8305373 ^ ((sqrt(exp(9.433077)) / (X4 + (X3 + 4.9045095))) - ((X4 + (exp(log(abs(77.74774))) * 0.19069321)) - sqrt(abs((sin(-1.5696182) + (X3 + -0.44171864))))))))) [likelihood params: Float32[]]"
54,328166,71.090515,179.3908,0.13685948,0.13926847,0.9012306,0.7796446,71.090515,35.58862,33.882,Inf,35,"(((X3 + 0.10123516) + X4) + (1.073635 + (0.8305364 ^ ((sqrt(exp(9.433067)) / (X4 + (X3 + 4.904585))) - ((X4 + (exp(log(abs(77.747894))) * 0.19069369)) - sqrt(abs((sin(-1.5262079) + (X3 + -0.4409941))))))))) [likelihood params: Float32[]]"
55,336917,70.56833,193.73862,0.122354284,0.21666153,0.9116987,0.6571907,70.56833,36.981693,34.102,Inf,48,"((((0.6221477 * ((sqrt(exp(2.2507637)) / (0.8535935 + (X3 + X3))) - X4)) / sin(-0.22965199)) + 0.47065997) + (X4 + (0.6247575 ^ ((sqrt(exp(3.3195646)) / ((sqrt(exp(-2.2939696)) / ((X4 * -2.012646) + (X3 + 4.867611))) + (X3 + (1.1887321 + (X3 + X3))))) - X4)))) [likelihood params: Float32[]]"
56,345208,70.520775,196.6459,0.121033415,0.22478679,0.91265196,0.6443346,70.520775,37.12795,33.69,Inf,48,"((((0.6221477 * ((sqrt(exp(2.2507637)) / (0.8535935 + (X3 + X3))) - X4)) / sin(-0.22965199)) + 0.47065997) + (X4 + (0.62470275 ^ ((sqrt(exp(3.298961)) / ((sqrt(exp(-6.128745)) / ((X4 * -1.6087921) + (X3 + 3.60974))) + (X3 + (1.196287 + (X3 + X3))))) - X4)))) [likelihood params: Float32[]]"
57,354352,70.520775,196.64821,0.121033296,0.22478676,0.9126521,0.6443347,70.520775,37.12795,34.926,Inf,48,"((((0.6221477 * ((sqrt(exp(2.2507637)) / (0.8535935 + (X3 + X3))) - X4)) / sin(-0.22965199)) + 0.47065997) + (X4 + (0.6246975 ^ ((sqrt(exp(3.299116)) / ((sqrt(exp(-6.1300154)) / ((X4 * -1.6087927) + (X3 + 3.6097376))) + (X3 + (1.196097 + (X3 + X3))))) - X4)))) [likelihood params: Float32[]]"
58,363459,70.520775,196.64821,0.121033296,0.22478676,0.9126521,0.6443347,70.520775,37.12795,37.17,Inf,48,"((((0.6221477 * ((sqrt(exp(2.2507637)) / (0.8535935 + (X3 + X3))) - X4)) / sin(-0.22965199)) + 0.47065997) + (X4 + (0.6246975 ^ ((sqrt(exp(3.299116)) / ((sqrt(exp(-6.1300154)) / ((X4 * -1.6087927) + (X3 + 3.6097376))) + (X3 + (1.196097 + (X3 + X3))))) - X4)))) [likelihood params: Float32[]]"
59,372952,70.520775,196.64821,0.121033296,0.22478676,0.9126521,0.6443347,70.520775,37.12795,37.064,Inf,48,"((((0.6221477 * ((sqrt(exp(2.2507637)) / (0.8535935 + (X3 + X3))) - X4)) / sin(-0.22965199)) + 0.47065997) + (X4 + (0.6246975 ^ ((sqrt(exp(3.299116)) / ((sqrt(exp(-6.1300154)) / ((X4 * -1.6087927) + (X3 + 3.6097376))) + (X3 + (1.196097 + (X3 + X3))))) - X4)))) [likelihood params: Float32[]]"
60,381887,70.520775,196.64821,0.121033296,0.22478676,0.9126521,0.6443347,70.520775,37.12795,36.484,Inf,48,"((((0.6221477 * ((sqrt(exp(2.2507637)) / (0.8535935 + (X3 + X3))) - X4)) / sin(-0.22965199)) + 0.47065997) + (X4 + (0.6246975 ^ ((sqrt(exp(3.299116)) / ((sqrt(exp(-6.1300154)) / ((X4 * -1.6087927) + (X3 + 3.6097376))) + (X3 + (1.196097 + (X3 + X3))))) - X4)))) [likelihood params: Float32[]]"
61,390953,70.520775,196.64821,0.121033296,0.22478676,0.9126521,0.6443347,70.520775,37.12795,36.844,Inf,48,"((((0.6221477 * ((sqrt(exp(2.2507637)) / (0.8535935 + (X3 + X3))) - X4)) / sin(-0.22965199)) + 0.47065997) + (X4 + (0.6246975 ^ ((sqrt(exp(3.299116)) / ((sqrt(exp(-6.1300154)) / ((X4 * -1.6087927) + (X3 + 3.6097376))) + (X3 + (1.196097 + (X3 + X3))))) - X4)))) [likelihood params: Float32[]]"
62,400062,70.51737,206.30215,0.12093888,0.22581464,0.9127202,0.6427083,70.51737,37.14645,37.848,Inf,48,"((((0.6221477 * ((sqrt(exp(2.2507637)) / (0.8535935 + (X3 + X3))) - X4)) / sin(-0.22965199)) + 0.47065997) + (X4 + (0.6246866 ^ ((sqrt(exp(3.298401)) / ((sqrt(sqrt(abs(3.7404357e-7))) / ((X4 * -1.5842019) + (X3 + 3.5334005))) + (X3 + (1.2024467 + (X3 + X3))))) - X4)))) [likelihood params: Float32[]]"
63,408909,70.51539,209.99059,0.12088367,0.22644094,0.91276,0.6417174,70.51539,37.157722,37.628,Inf,48,"((((0.6221477 * ((sqrt(exp(2.2507637)) / (0.53051627 + (X3 + X3))) - X4)) / sin(-0.22965199)) + 0.47065997) + (X4 + (0.6246778 ^ ((sqrt(exp(2.4871578)) / ((sqrt(sqrt(abs(4.125297e-9))) / ((X4 * -1.5700341) + (X3 + 3.4894252))) + (0.6112865 + (0.1929912 + (X3 + X3))))) - X4)))) [likelihood params: Float32[]]"
64,417814,70.51539,210.13121,0.120883666,0.22644049,0.91276,0.6417181,70.51539,37.157715,37.234,Inf,48,"((((0.6221477 * ((sqrt(exp(2.2507637)) / (0.53051627 + (X3 + X3))) - X4)) / sin(-0.22965199)) + 0.47065997) + (X4 + (0.6246783 ^ ((sqrt(exp(2.4871457)) / ((sqrt(sqrt(abs(4.12943e-9))) / ((X4 * -1.5700341) + (X3 + 3.4894252))) + (0.6112898 + (0.19299445 + (X3 + X3))))) - X4)))) [likelihood params: Float32[]]"
65,426796,70.515045,220.14078,0.12087425,0.22655034,0.9127669,0.6415442,70.515045,37.159695,37.396,Inf,48,"((((0.6221477 * ((sqrt(exp(X2)) / (abs(0.53051627) ^ (X3 + X5))) - X4)) / sin(-0.22965199)) + 0.47065997) + (X4 + (0.62467635 ^ ((sqrt(exp(2.4871035)) / ((sqrt(sqrt(abs(1.8570068e-9))) / ((X4 * -1.5676321) + (X3 + 3.4819703))) + (0.8472513 + (-0.04250699 + (X3 + X3))))) - X4)))) [likelihood params: Float32[]]"
66,436808,70.515045,220.14078,0.12087425,0.22655034,0.9127669,0.6415442,70.515045,37.159695,36.306,Inf,48,"((((0.6221477 * ((sqrt(exp(X2)) / (abs(0.53051627) ^ (X3 + X5))) - X4)) / sin(-0.22965199)) + 0.47065997) + (X4 + (0.62467635 ^ ((sqrt(exp(2.4871035)) / ((sqrt(sqrt(abs(1.8570068e-9))) / ((X4 * -1.5676321) + (X3 + 3.4819703))) + (0.8472513 + (-0.04250699 + (X3 + X3))))) - X4)))) [likelihood params: Float32[]]"
67,446033,70.515045,220.14078,0.12087425,0.22655034,0.9127669,0.6415442,70.515045,37.159695,36.134,Inf,48,"((((0.6221477 * ((sqrt(exp(X2)) / (abs(0.53051627) ^ (X3 + X5))) - X4)) / sin(-0.22965199)) + 0.47065997) + (X4 + (0.62467635 ^ ((sqrt(exp(2.4871035)) / ((sqrt(sqrt(abs(1.8570068e-9))) / ((X4 * -1.5676321) + (X3 + 3.4819703))) + (0.8472513 + (-0.04250699 + (X3 + X3))))) - X4)))) [likelihood params: Float32[]]"
68,455424,70.515045,220.14078,0.12087425,0.22655034,0.9127669,0.6415442,70.515045,37.159695,37.008,Inf,48,"((((0.6221477 * ((sqrt(exp(X2)) / (abs(0.53051627) ^ (X3 + X5))) - X4)) / sin(-0.22965199)) + 0.47065997) + (X4 + (0.62467635 ^ ((sqrt(exp(2.4871035)) / ((sqrt(sqrt(abs(1.8570068e-9))) / ((X4 * -1.5676321) + (X3 + 3.4819703))) + (0.8472513 + (-0.04250699 + (X3 + X3))))) - X4)))) [likelihood params: Float32[]]"
69,465561,70.51479,222.34259,0.12086729,0.22663246,0.9127719,0.6414143,70.51479,37.16117,35.94,Inf,48,"((((0.6221477 * ((sqrt(exp(X2)) / (abs(0.53051627) ^ (X3 + X5))) - X4)) / sin(-0.22965199)) + 0.47065997) + (X4 + (0.6246753 ^ ((sqrt(exp(2.4870622)) / ((sqrt(sqrt(abs(9.0438923e-10))) / ((X4 * -1.5658454) + (X3 + 3.4764247))) + (0.96827215 + (-0.1631782 + (X3 + X3))))) - X4)))) [likelihood params: Float32[]]"
70,475712,70.396805,197.80582,0.1175897,0.19383706,0.9151373,0.6933043,70.396805,36.570854,37.21,Inf,47,"((((0.6221477 * ((sqrt(2.0897374) / (0.8535935 + (X3 + X3))) - X4)) / sin(-0.22965199)) + X4) + (X4 + (0.6545188 ^ ((sqrt(exp(2.8317842)) / (((X4 + X4) / ((X4 * -16.82845) + (X3 + 50.917446))) + (X3 + (0.37660277 + (X3 + X4))))) - X4)))) [likelihood params: Float32[]]"
71,485691,70.102875,205.53638,0.109424986,0.11216842,0.9210296,0.82252324,70.102875,35.10082,35.998,Inf,46,"(((sqrt((-0.8503743 + (X4 + 1.8666152))) / X4) + 0.47065997) + (X4 + (0.6005187 ^ ((2.3908396 / ((sqrt(sqrt(abs(1.3085652e-10))) / ((X4 * -1.5642047) + (X3 + 3.471597))) + (X3 + sin(exp((((sin(exp(1.4246541)) * -0.93363965) * X4) + (X4 * -0.37612525))))))) - X4)))) [likelihood params: Float32[]]"
72,495800,69.938065,196.04187,0.104846984,0.17747794,0.9243335,0.71918833,69.938065,36.27639,35.994,Inf,47,"((((0.6221477 * ((sqrt(2.0897374) / (0.8535935 + (X4 + X3))) - X4)) / sin(-0.22965199)) + X4) + (X4 + (0.651068 ^ ((sqrt(exp(3.012767)) / (((X4 + X4) / ((X4 * -16.736341) + (X3 + 50.636673))) + (X3 + (0.9680273 + (X3 + X3))))) - X4)))) [likelihood params: Float32[]]"
73,506163,69.938065,196.04187,0.104846984,0.17747794,0.9243335,0.71918833,69.938065,36.27639,36.326,Inf,47,"((((0.6221477 * ((sqrt(2.0897374) / (0.8535935 + (X4 + X3))) - X4)) / sin(-0.22965199)) + X4) + (X4 + (0.651068 ^ ((sqrt(exp(3.012767)) / (((X4 + X4) / ((X4 * -16.736341) + (X3 + 50.636673))) + (X3 + (0.9680273 + (X3 + X3))))) - X4)))) [likelihood params: Float32[]]"
74,517022,69.59952,185.73329,0.095442854,0.14423919,0.9311203,0.7717798,69.59952,35.678093,36.216,Inf,43,"((((1.4532833 * ((sqrt(X4) / (abs(0.53051627) ^ X3)) - X4)) / sin(-0.22965199)) + 0.47065997) + (X4 + (0.10334346 ^ ((sqrt(exp(4.901957)) / ((sqrt(sqrt(abs(1927.1359))) / ((X4 * -4.3370495) + (X3 + 13.11875))) + (X4 + (X3 + 5.2999945)))) - 1.3662962)))) [likelihood params: Float32[]]"
75,527737,69.12974,186.03108,0.08239344,0.072249666,0.94053787,0.8856841,69.12974,34.382282,35.726,Inf,43,"((((1.4532833 * ((sqrt(X4) / (abs(0.53051627) ^ X3)) - X4)) / sin(-0.22965199)) + 0.47065997) + (X4 + (0.104251824 ^ ((sqrt(exp(4.838882)) / ((sqrt(sqrt(abs(28.293644))) / ((X4 * -4.4162197) + (X3 + 12.790614))) + (X4 + (X3 + 5.420695)))) - 1.386411)))) [likelihood params: Float32[]]"
76,538844,69.02726,186.50357,0.079546876,0.0741521,0.9425922,0.882674,69.02726,34.416527,34.848,Inf,43,"((((1.4532833 * ((sqrt(X4) / (abs(0.53051627) ^ X3)) - X4)) / sin(-0.22965199)) + 0.47065997) + (X4 + (0.13164814 ^ ((sqrt(exp(4.58787)) / ((sqrt(sqrt(abs(0.57694066))) / ((X4 * -4.78119) + (X3 + 13.712739))) + (X4 + (X3 + 4.36535)))) - 1.4437989)))) [likelihood params: Float32[]]"
77,550357,69.02726,186.50357,0.079546876,0.0741521,0.9425922,0.882674,69.02726,34.416527,36.258,Inf,43,"((((1.4532833 * ((sqrt(X4) / (abs(0.53051627) ^ X3)) - X4)) / sin(-0.22965199)) + 0.47065997) + (X4 + (0.13164814 ^ ((sqrt(exp(4.58787)) / ((sqrt(sqrt(abs(0.57694066))) / ((X4 * -4.78119) + (X3 + 13.712739))) + (X4 + (X3 + 4.36535)))) - 1.4437989)))) [likelihood params: Float32[]]"
78,561994,69.02726,186.50357,0.079546876,0.0741521,0.9425922,0.882674,69.02726,34.416527,35.946,Inf,43,"((((1.4532833 * ((sqrt(X4) / (abs(0.53051627) ^ X3)) - X4)) / sin(-0.22965199)) + 0.47065997) + (X4 + (0.13164814 ^ ((sqrt(exp(4.58787)) / ((sqrt(sqrt(abs(0.57694066))) / ((X4 * -4.78119) + (X3 + 13.712739))) + (X4 + (X3 + 4.36535)))) - 1.4437989)))) [likelihood params: Float32[]]"
79,572783,69.02608,187.31944,0.07951397,0.07198922,0.9426159,0.8860962,69.02608,34.377594,36.106,Inf,44,"((((1.4532833 * ((sqrt(X4) / (abs(0.53051627) ^ X3)) - X4)) / sin(-0.22965199)) + 0.47065997) + (X4 + (0.12910597 ^ ((sqrt(exp(4.614236)) / ((sqrt(sqrt(abs(sqrt(abs(X4))))) / ((X4 * -4.6187444) + (X3 + 13.245654))) + (X4 + (X3 + 4.4653373)))) - 1.4371558)))) [likelihood params: Float32[]]"
80,583974,69.02608,187.31944,0.07951397,0.07198922,0.9426159,0.8860962,69.02608,34.377594,36.406,Inf,44,"((((1.4532833 * ((sqrt(X4) / (abs(0.53051627) ^ X3)) - X4)) / sin(-0.22965199)) + 0.47065997) + (X4 + (0.12910597 ^ ((sqrt(exp(4.614236)) / ((sqrt(sqrt(abs(sqrt(abs(X4))))) / ((X4 * -4.6187444) + (X3 + 13.245654))) + (X4 + (X3 + 4.4653373)))) - 1.4371558)))) [likelihood params: Float32[]]"
81,595038,69.02608,187.31944,0.07951397,0.07198922,0.9426159,0.8860962,69.02608,34.377594,36.622,Inf,44,"((((1.4532833 * ((sqrt(X4) / (abs(0.53051627) ^ X3)) - X4)) / sin(-0.22965199)) + 0.47065997) + (X4 + (0.12910597 ^ ((sqrt(exp(4.614236)) / ((sqrt(sqrt(abs(sqrt(abs(X4))))) / ((X4 * -4.6187444) + (X3 + 13.245654))) + (X4 + (X3 + 4.4653373)))) - 1.4371558)))) [likelihood params: Float32[]]"
82,606448,69.02608,187.31944,0.07951397,0.07198922,0.9426159,0.8860962,69.02608,34.377594,36.822,Inf,44,"((((1.4532833 * ((sqrt(X4) / (abs(0.53051627) ^ X3)) - X4)) / sin(-0.22965199)) + 0.47065997) + (X4 + (0.12910597 ^ ((sqrt(exp(4.614236)) / ((sqrt(sqrt(abs(sqrt(abs(X4))))) / ((X4 * -4.6187444) + (X3 + 13.245654))) + (X4 + (X3 + 4.4653373)))) - 1.4371558)))) [likelihood params: Float32[]]"
83,617126,68.91141,160.76588,0.076328605,0.088792294,0.94491476,0.85950977,68.91141,34.68005,36.96,Inf,33,"(X5 + (0.63141346 ^ ((sqrt(exp(5.78818)) / ((X4 / ((X4 * -10.147143) + (X3 + 30.624254))) + (X3 + (2.7351499 + (sin(X4) + X3))))) - ((2.9703226 + X4) - sqrt(abs(X4)))))) [likelihood params: Float32[]]"
84,627489,68.91141,160.76588,0.076328605,0.088792294,0.94491476,0.85950977,68.91141,34.68005,36.534,Inf,33,"(X5 + (0.63141346 ^ ((sqrt(exp(5.78818)) / ((X4 / ((X4 * -10.147143) + (X3 + 30.624254))) + (X3 + (2.7351499 + (sin(X4) + X3))))) - ((2.9703226 + X4) - sqrt(abs(X4)))))) [likelihood params: Float32[]]"
85,639124,68.91141,160.76588,0.076328605,0.088792294,0.94491476,0.85950977,68.91141,34.68005,37.218,Inf,33,"(X5 + (0.63141346 ^ ((sqrt(exp(5.78818)) / ((X4 / ((X4 * -10.147143) + (X3 + 30.624254))) + (X3 + (2.7351499 + (sin(X4) + X3))))) - ((2.9703226 + X4) - sqrt(abs(X4)))))) [likelihood params: Float32[]]"
86,650666,68.91141,160.76588,0.076328605,0.088792294,0.94491476,0.85950977,68.91141,34.68005,37.194,Inf,33,"(X5 + (0.63141346 ^ ((sqrt(exp(5.78818)) / ((X4 / ((X4 * -10.147143) + (X3 + 30.624254))) + (X3 + (2.7351499 + (sin(X4) + X3))))) - ((2.9703226 + X4) - sqrt(abs(X4)))))) [likelihood params: Float32[]]"
87,662597,68.91141,160.76588,0.076328605,0.088792294,0.94491476,0.85950977,68.91141,34.68005,36.51,Inf,33,"(X5 + (0.63141346 ^ ((sqrt(exp(5.78818)) / ((X4 / ((X4 * -10.147143) + (X3 + 30.624254))) + (X3 + (2.7351499 + (sin(X4) + X3))))) - ((2.9703226 + X4) - sqrt(abs(X4)))))) [likelihood params: Float32[]]"
88,675194,68.91141,160.76588,0.076328605,0.088792294,0.94491476,0.85950977,68.91141,34.68005,36.332,Inf,33,"(X5 + (0.63141346 ^ ((sqrt(exp(5.78818)) / ((X4 / ((X4 * -10.147143) + (X3 + 30.624254))) + (X3 + (2.7351499 + (sin(X4) + X3))))) - ((2.9703226 + X4) - sqrt(abs(X4)))))) [likelihood params: Float32[]]"
89,686889,68.91141,160.76588,0.076328605,0.088792294,0.94491476,0.85950977,68.91141,34.68005,36.928,Inf,33,"(X5 + (0.63141346 ^ ((sqrt(exp(5.78818)) / ((X4 / ((X4 * -10.147143) + (X3 + 30.624254))) + (X3 + (2.7351499 + (sin(X4) + X3))))) - ((2.9703226 + X4) - sqrt(abs(X4)))))) [likelihood params: Float32[]]"
90,697922,68.789314,172.63542,0.07293722,0.07253049,0.9473623,0.8852398,68.789314,34.387337,36.626,Inf,37,"(X5 + (0.72720414 ^ ((sqrt(exp(7.8468356)) / ((X4 / ((X4 * -13.356305) + (X3 + 40.71445))) + (X3 + (2.991261 + (sin(X4) + (X4 + (X3 + 1.3678242))))))) - ((5.686267 + X4) - sqrt(abs(X4)))))) [likelihood params: Float32[]]"
91,709578,68.789314,172.63542,0.07293722,0.07253049,0.9473623,0.8852398,68.789314,34.387337,37.736,Inf,37,"(X5 + (0.72720414 ^ ((sqrt(exp(7.8468356)) / ((X4 / ((X4 * -13.356305) + (X3 + 40.71445))) + (X3 + (2.991261 + (sin(X4) + (X4 + (X3 + 1.3678242))))))) - ((5.686267 + X4) - sqrt(abs(X4)))))) [likelihood params: Float32[]]"
92,721098,68.789314,172.63542,0.07293722,0.07253049,0.9473623,0.8852398,68.789314,34.387337,37.716,Inf,37,"(X5 + (0.72720414 ^ ((sqrt(exp(7.8468356)) / ((X4 / ((X4 * -13.356305) + (X3 + 40.71445))) + (X3 + (2.991261 + (sin(X4) + (X4 + (X3 + 1.3678242))))))) - ((5.686267 + X4) - sqrt(abs(X4)))))) [likelihood params: Float32[]]"
93,733255,68.789314,172.63542,0.07293722,0.07253049,0.9473623,0.8852398,68.789314,34.387337,37.704,Inf,37,"(X5 + (0.72720414 ^ ((sqrt(exp(7.8468356)) / ((X4 / ((X4 * -13.356305) + (X3 + 40.71445))) + (X3 + (2.991261 + (sin(X4) + (X4 + (X3 + 1.3678242))))))) - ((5.686267 + X4) - sqrt(abs(X4)))))) [likelihood params: Float32[]]"
94,744987,68.789314,172.63542,0.07293722,0.07253049,0.9473623,0.8852398,68.789314,34.387337,37.71,Inf,37,"(X5 + (0.72720414 ^ ((sqrt(exp(7.8468356)) / ((X4 / ((X4 * -13.356305) + (X3 + 40.71445))) + (X3 + (2.991261 + (sin(X4) + (X4 + (X3 + 1.3678242))))))) - ((5.686267 + X4) - sqrt(abs(X4)))))) [likelihood params: Float32[]]"
95,757269,68.789314,172.63542,0.07293722,0.07253049,0.9473623,0.8852398,68.789314,34.387337,37.914,Inf,37,"(X5 + (0.72720414 ^ ((sqrt(exp(7.8468356)) / ((X4 / ((X4 * -13.356305) + (X3 + 40.71445))) + (X3 + (2.991261 + (sin(X4) + (X4 + (X3 + 1.3678242))))))) - ((5.686267 + X4) - sqrt(abs(X4)))))) [likelihood params: Float32[]]"
96,769020,68.789314,172.63542,0.07293722,0.07253049,0.9473623,0.8852398,68.789314,34.387337,37.894,Inf,37,"(X5 + (0.72720414 ^ ((sqrt(exp(7.8468356)) / ((X4 / ((X4 * -13.356305) + (X3 + 40.71445))) + (X3 + (2.991261 + (sin(X4) + (X4 + (X3 + 1.3678242))))))) - ((5.686267 + X4) - sqrt(abs(X4)))))) [likelihood params: Float32[]]"
97,780760,68.789314,172.63542,0.07293722,0.07253049,0.9473623,0.8852398,68.789314,34.387337,36.594,Inf,37,"(X5 + (0.72720414 ^ ((sqrt(exp(7.8468356)) / ((X4 / ((X4 * -13.356305) + (X3 + 40.71445))) + (X3 + (2.991261 + (sin(X4) + (X4 + (X3 + 1.3678242))))))) - ((5.686267 + X4) - sqrt(abs(X4)))))) [likelihood params: Float32[]]"
98,792694,68.789314,172.63542,0.07293722,0.07253049,0.9473623,0.8852398,68.789314,34.387337,36.964,Inf,37,"(X5 + (0.72720414 ^ ((sqrt(exp(7.8468356)) / ((X4 / ((X4 * -13.356305) + (X3 + 40.71445))) + (X3 + (2.991261 + (sin(X4) + (X4 + (X3 + 1.3678242))))))) - ((5.686267 + X4) - sqrt(abs(X4)))))) [likelihood params: Float32[]]"
99,803871,68.71226,198.22275,0.07079678,0.074678384,0.948907,0.8818413,68.71226,34.426,37.724,Inf,48,"(X5 + (0.81742996 ^ ((sqrt(exp(8.507874)) / (((94.91249 / (X4 + (X3 + 77.391335))) / ((X4 * -13.3896055) + (X3 + 40.668842))) + (X3 + (2.040074 + (sin(X4) + (X4 + (X3 + 2.0882967))))))) - ((9.823938 + X4) - (70.28629 / (X4 + (X3 + 23.733862))))))) [likelihood params: Float32[]]"
100,815854,68.70561,197.75713,0.0706121,0.07553152,0.9490403,0.88049144,68.70561,34.441353,36.382,Inf,48,"(X5 + (0.8242691 ^ ((sqrt(exp(8.1692915)) / (((324.30313 / (X4 + (X3 + 248.65955))) / ((X4 * -13.40053) + (X3 + 40.688244))) + (X3 + (1.7082199 + (sin(X4) + (X4 + (X3 + 1.7564237))))))) - ((11.621698 + X4) - (136.31075 / (X4 + (X3 + 24.07405))))))) [likelihood params: Float32[]]"
101,827816,68.70561,197.75713,0.0706121,0.07553152,0.9490403,0.88049144,68.70561,34.441353,36.858,Inf,48,"(X5 + (0.8242691 ^ ((sqrt(exp(8.1692915)) / (((324.30313 / (X4 + (X3 + 248.65955))) / ((X4 * -13.40053) + (X3 + 40.688244))) + (X3 + (1.7082199 + (sin(X4) + (X4 + (X3 + 1.7564237))))))) - ((11.621698 + X4) - (136.31075 / (X4 + (X3 + 24.07405))))))) [likelihood params: Float32[]]"
102,839864,68.70561,197.75713,0.0706121,0.07553152,0.9490403,0.88049144,68.70561,34.441353,36.494,Inf,48,"(X5 + (0.8242691 ^ ((sqrt(exp(8.1692915)) / (((324.30313 / (X4 + (X3 + 248.65955))) / ((X4 * -13.40053) + (X3 + 40.688244))) + (X3 + (1.7082199 + (sin(X4) + (X4 + (X3 + 1.7564237))))))) - ((11.621698 + X4) - (136.31075 / (X4 + (X3 + 24.07405))))))) [likelihood params: Float32[]]"
103,853117,68.70202,202.38986,0.07051239,0.076084524,0.94911224,0.87961644,68.70202,34.45131,37.156,Inf,50,"(X5 + (0.82861894 ^ ((sqrt(exp(7.9613686)) / (((404.49802 / (X4 + ((19.155457 + X4) + 267.42346))) / ((X4 * -13.411688) + (X3 + 40.712414))) + (X3 + (1.5140121 + (sin(X4) + (X4 + (X3 + 1.562171))))))) - ((12.989582 + X4) - (189.69453 / (X4 + (X3 + 25.16043))))))) [likelihood params: Float32[]]"
104,866222,68.70202,202.38986,0.07051239,0.076084524,0.94911224,0.87961644,68.70202,34.45131,38.13,Inf,50,"(X5 + (0.82861894 ^ ((sqrt(exp(7.9613686)) / (((404.49802 / (X4 + ((19.155457 + X4) + 267.42346))) / ((X4 * -13.411688) + (X3 + 40.712414))) + (X3 + (1.5140121 + (sin(X4) + (X4 + (X3 + 1.562171))))))) - ((12.989582 + X4) - (189.69453 / (X4 + (X3 + 25.16043))))))) [likelihood params: Float32[]]"
105,879165,68.70202,202.38986,0.07051239,0.076084524,0.94911224,0.87961644,68.70202,34.45131,37.714,Inf,50,"(X5 + (0.82861894 ^ ((sqrt(exp(7.9613686)) / (((404.49802 / (X4 + ((19.155457 + X4) + 267.42346))) / ((X4 * -13.411688) + (X3 + 40.712414))) + (X3 + (1.5140121 + (sin(X4) + (X4 + (X3 + 1.562171))))))) - ((12.989582 + X4) - (189.69453 / (X4 + (X3 + 25.16043))))))) [likelihood params: Float32[]]"
106,892487,68.70202,202.38986,0.07051239,0.076084524,0.94911224,0.87961644,68.70202,34.45131,36.392,Inf,50,"(X5 + (0.82861894 ^ ((sqrt(exp(7.9613686)) / (((404.49802 / (X4 + ((19.155457 + X4) + 267.42346))) / ((X4 * -13.411688) + (X3 + 40.712414))) + (X3 + (1.5140121 + (sin(X4) + (X4 + (X3 + 1.562171))))))) - ((12.989582 + X4) - (189.69453 / (X4 + (X3 + 25.16043))))))) [likelihood params: Float32[]]"
107,904637,68.70202,202.38986,0.07051239,0.076084524,0.94911224,0.87961644,68.70202,34.45131,35.678,Inf,50,"(X5 + (0.82861894 ^ ((sqrt(exp(7.9613686)) / (((404.49802 / (X4 + ((19.155457 + X4) + 267.42346))) / ((X4 * -13.411688) + (X3 + 40.712414))) + (X3 + (1.5140121 + (sin(X4) + (X4 + (X3 + 1.562171))))))) - ((12.989582 + X4) - (189.69453 / (X4 + (X3 + 25.16043))))))) [likelihood params: Float32[]]"
108,916963,68.70202,202.38986,0.07051239,0.076084524,0.94911224,0.87961644,68.70202,34.45131,34.452,Inf,50,"(X5 + (0.82861894 ^ ((sqrt(exp(7.9613686)) / (((404.49802 / (X4 + ((19.155457 + X4) + 267.42346))) / ((X4 * -13.411688) + (X3 + 40.712414))) + (X3 + (1.5140121 + (sin(X4) + (X4 + (X3 + 1.562171))))))) - ((12.989582 + X4) - (189.69453 / (X4 + (X3 + 25.16043))))))) [likelihood params: Float32[]]"
109,929100,68.70202,202.38986,0.07051239,0.076084524,0.94911224,0.87961644,68.70202,34.45131,34.772,Inf,50,"(X5 + (0.82861894 ^ ((sqrt(exp(7.9613686)) / (((404.49802 / (X4 + ((19.155457 + X4) + 267.42346))) / ((X4 * -13.411688) + (X3 + 40.712414))) + (X3 + (1.5140121 + (sin(X4) + (X4 + (X3 + 1.562171))))))) - ((12.989582 + X4) - (189.69453 / (X4 + (X3 + 25.16043))))))) [likelihood params: Float32[]]"
110,941782,68.666046,181.59692,0.0695132,0.14892232,0.94983333,0.76436996,68.666046,35.76239,34.678,Inf,42,"(X5 + (0.8196279 ^ ((sqrt(exp(7.3772945)) / ((-2.079744 / ((X4 * -13.689864) + (X4 + 39.811783))) + (X3 + (1.2026812 + (sin(X4) + (X4 + (X3 + 1.2508004))))))) - ((13.725699 + X4) - (307.6143 / (X4 + (X3 + 32.841324))))))) [likelihood params: Float32[]]"
111,954438,68.666046,181.59674,0.06951317,0.14892165,0.9498334,0.76437104,68.666046,35.762375,35.24,Inf,42,"(X5 + (0.81962895 ^ ((sqrt(exp(7.3773165)) / ((-2.0797117 / ((X4 * -13.689865) + (X4 + 39.81178))) + (X3 + (1.2026224 + (sin(X4) + (X4 + (X3 + 1.2507416))))))) - ((13.725654 + X4) - (307.61615 / (X4 + (X3 + 32.841106))))))) [likelihood params: Float32[]]"
112,966535,68.666046,181.59674,0.06951317,0.14892165,0.9498334,0.76437104,68.666046,35.762375,36.26,Inf,42,"(X5 + (0.81962895 ^ ((sqrt(exp(7.3773165)) / ((-2.0797117 / ((X4 * -13.689865) + (X4 + 39.81178))) + (X3 + (1.2026224 + (sin(X4) + (X4 + (X3 + 1.2507416))))))) - ((13.725654 + X4) - (307.61615 / (X4 + (X3 + 32.841106))))))) [likelihood params: Float32[]]"
113,978728,68.666046,181.59674,0.06951317,0.14892165,0.9498334,0.76437104,68.666046,35.762375,36.224,Inf,42,"(X5 + (0.81962895 ^ ((sqrt(exp(7.3773165)) / ((-2.0797117 / ((X4 * -13.689865) + (X4 + 39.81178))) + (X3 + (1.2026224 + (sin(X4) + (X4 + (X3 + 1.2507416))))))) - ((13.725654 + X4) - (307.61615 / (X4 + (X3 + 32.841106))))))) [likelihood params: Float32[]]"
114,991448,68.66583,181.538,0.06950709,0.14889881,0.94983774,0.76440716,68.66583,35.761967,36.864,Inf,42,"(X5 + (0.8188644 ^ ((sqrt(exp(7.3956184)) / ((-2.0571077 / ((X4 * -13.693944) + (X4 + 39.822086))) + (X3 + (1.2128057 + (sin(X4) + (X4 + (X3 + 1.2613955))))))) - ((14.221537 + X4) - (360.13315 / (X4 + (X3 + 36.786293))))))) [likelihood params: Float32[]]"
115,1004802,68.665825,181.5379,0.06950704,0.14889619,0.9498378,0.76441133,68.665825,35.761917,36.762,Inf,42,"(X5 + (0.81886524 ^ ((sqrt(exp(7.3956356)) / ((-2.0570736 / ((X4 * -13.693944) + (X4 + 39.822086))) + (X3 + (1.2127618 + (sin(X4) + (X4 + (X3 + 1.2613515))))))) - ((14.221501 + X4) - (360.1348 / (X4 + (X3 + 36.786118))))))) [likelihood params: Float32[]]"
116,1018147,68.665825,181.5379,0.06950704,0.14889619,0.9498378,0.76441133,68.665825,35.761917,35.676,Inf,42,"(X5 + (0.81886524 ^ ((sqrt(exp(7.3956356)) / ((-2.0570736 / ((X4 * -13.693944) + (X4 + 39.822086))) + (X3 + (1.2127618 + (sin(X4) + (X4 + (X3 + 1.2613515))))))) - ((14.221501 + X4) - (360.1348 / (X4 + (X3 + 36.786118))))))) [likelihood params: Float32[]]"
117,1029642,68.665825,181.5379,0.06950704,0.14889619,0.9498378,0.76441133,68.665825,35.761917,37.286,Inf,42,"(X5 + (0.81886524 ^ ((sqrt(exp(7.3956356)) / ((-2.0570736 / ((X4 * -13.693944) + (X4 + 39.822086))) + (X3 + (1.2127618 + (sin(X4) + (X4 + (X3 + 1.2613515))))))) - ((14.221501 + X4) - (360.1348 / (X4 + (X3 + 36.786118))))))) [likelihood params: Float32[]]"
118,1041493,68.66565,181.46082,0.06950217,0.1488955,0.9498413,0.7644124,68.66565,35.761906,36.952,Inf,42,"(X5 + (0.81814784 ^ ((sqrt(exp(7.412824)) / ((-2.0362785 / ((X4 * -13.69431) + (X4 + 39.820942))) + (X3 + (1.222867 + (sin(X4) + (X4 + (X3 + 1.2716911))))))) - ((14.790098 + X4) - (424.843 / (X4 + (X3 + 41.276123))))))) [likelihood params: Float32[]]"
119,1054181,68.66565,181.46074,0.069502115,0.1488934,0.9498414,0.76441574,68.66565,35.761868,37.046,Inf,42,"(X5 + (0.81814855 ^ ((sqrt(exp(7.412836)) / ((-2.036255 / ((X4 * -13.69431) + (X4 + 39.820942))) + (X3 + (1.2228447 + (sin(X4) + (X4 + (X3 + 1.2716688))))))) - ((14.790072 + X4) - (424.84476 / (X4 + (X3 + 41.276))))))) [likelihood params: Float32[]]"
120,1066928,68.656456,190.2604,0.06924677,0.116462335,0.9500256,0.81572926,68.656456,35.17811,36.412,Inf,46,"(abs(((2.2978175 - -11.153809) - -0.123658806)) ^ (0.7259255 ^ ((sqrt(exp(5.680562)) / ((-0.37970656 / ((X4 * -13.693292) + (X4 + 39.80137))) + ((sqrt(X4) / 3.0028963) + (1.4196935 + (sin(X4) + X3))))) - ((12.139579 + X4) - (478.725 / (sqrt(1585.4341) + (25.26121 + -9.465889))))))) [likelihood params: Float32[]]"
121,1079714,68.656456,190.2604,0.06924677,0.116462335,0.9500256,0.81572926,68.656456,35.17811,36.016,Inf,46,"(abs(((2.2978175 - -11.153809) - -0.123658806)) ^ (0.7259255 ^ ((sqrt(exp(5.680562)) / ((-0.37970656 / ((X4 * -13.693292) + (X4 + 39.80137))) + ((sqrt(X4) / 3.0028963) + (1.4196935 + (sin(X4) + X3))))) - ((12.139579 + X4) - (478.725 / (sqrt(1585.4341) + (25.26121 + -9.465889))))))) [likelihood params: Float32[]]"
122,1092128,68.656456,190.2604,0.06924677,0.116462335,0.9500256,0.81572926,68.656456,35.17811,36.6,Inf,46,"(abs(((2.2978175 - -11.153809) - -0.123658806)) ^ (0.7259255 ^ ((sqrt(exp(5.680562)) / ((-0.37970656 / ((X4 * -13.693292) + (X4 + 39.80137))) + ((sqrt(X4) / 3.0028963) + (1.4196935 + (sin(X4) + X3))))) - ((12.139579 + X4) - (478.725 / (sqrt(1585.4341) + (25.26121 + -9.465889))))))) [likelihood params: Float32[]]"
123,1104598,68.656456,190.2604,0.06924677,0.116462335,0.9500256,0.81572926,68.656456,35.17811,36.776,Inf,46,"(abs(((2.2978175 - -11.153809) - -0.123658806)) ^ (0.7259255 ^ ((sqrt(exp(5.680562)) / ((-0.37970656 / ((X4 * -13.693292) + (X4 + 39.80137))) + ((sqrt(X4) / 3.0028963) + (1.4196935 + (sin(X4) + X3))))) - ((12.139579 + X4) - (478.725 / (sqrt(1585.4341) + (25.26121 + -9.465889))))))) [likelihood params: Float32[]]"
124,1117066,68.656456,190.2604,0.06924677,0.116462335,0.9500256,0.81572926,68.656456,35.17811,35.694,Inf,46,"(abs(((2.2978175 - -11.153809) - -0.123658806)) ^ (0.7259255 ^ ((sqrt(exp(5.680562)) / ((-0.37970656 / ((X4 * -13.693292) + (X4 + 39.80137))) + ((sqrt(X4) / 3.0028963) + (1.4196935 + (sin(X4) + X3))))) - ((12.139579 + X4) - (478.725 / (sqrt(1585.4341) + (25.26121 + -9.465889))))))) [likelihood params: Float32[]]"
125,1129793,68.656456,190.2604,0.06924677,0.116462335,0.9500256,0.81572926,68.656456,35.17811,35.202,Inf,46,"(abs(((2.2978175 - -11.153809) - -0.123658806)) ^ (0.7259255 ^ ((sqrt(exp(5.680562)) / ((-0.37970656 / ((X4 * -13.693292) + (X4 + 39.80137))) + ((sqrt(X4) / 3.0028963) + (1.4196935 + (sin(X4) + X3))))) - ((12.139579 + X4) - (478.725 / (sqrt(1585.4341) + (25.26121 + -9.465889))))))) [likelihood params: Float32[]]"
126,1142167,68.656456,190.2604,0.06924677,0.116462335,0.9500256,0.81572926,68.656456,35.17811,35.448,Inf,46,"(abs(((2.2978175 - -11.153809) - -0.123658806)) ^ (0.7259255 ^ ((sqrt(exp(5.680562)) / ((-0.37970656 / ((X4 * -13.693292) + (X4 + 39.80137))) + ((sqrt(X4) / 3.0028963) + (1.4196935 + (sin(X4) + X3))))) - ((12.139579 + X4) - (478.725 / (sqrt(1585.4341) + (25.26121 + -9.465889))))))) [likelihood params: Float32[]]"
127,1154046,68.656456,190.2604,0.06924677,0.116462335,0.9500256,0.81572926,68.656456,35.17811,35.912,Inf,46,"(abs(((2.2978175 - -11.153809) - -0.123658806)) ^ (0.7259255 ^ ((sqrt(exp(5.680562)) / ((-0.37970656 / ((X4 * -13.693292) + (X4 + 39.80137))) + ((sqrt(X4) / 3.0028963) + (1.4196935 + (sin(X4) + X3))))) - ((12.139579 + X4) - (478.725 / (sqrt(1585.4341) + (25.26121 + -9.465889))))))) [likelihood params: Float32[]]"
128,1166266,68.656456,190.2604,0.06924677,0.116462335,0.9500256,0.81572926,68.656456,35.17811,37.308,Inf,46,"(abs(((2.2978175 - -11.153809) - -0.123658806)) ^ (0.7259255 ^ ((sqrt(exp(5.680562)) / ((-0.37970656 / ((X4 * -13.693292) + (X4 + 39.80137))) + ((sqrt(X4) / 3.0028963) + (1.4196935 + (sin(X4) + X3))))) - ((12.139579 + X4) - (478.725 / (sqrt(1585.4341) + (25.26121 + -9.465889))))))) [likelihood params: Float32[]]"
129,1178337,68.656456,190.2604,0.06924677,0.116462335,0.9500256,0.81572926,68.656456,35.17811,37.092,Inf,46,"(abs(((2.2978175 - -11.153809) - -0.123658806)) ^ (0.7259255 ^ ((sqrt(exp(5.680562)) / ((-0.37970656 / ((X4 * -13.693292) + (X4 + 39.80137))) + ((sqrt(X4) / 3.0028963) + (1.4196935 + (sin(X4) + X3))))) - ((12.139579 + X4) - (478.725 / (sqrt(1585.4341) + (25.26121 + -9.465889))))))) [likelihood params: Float32[]]"
130,1190227,68.656456,190.2604,0.06924677,0.116462335,0.9500256,0.81572926,68.656456,35.17811,37.152,Inf,46,"(abs(((2.2978175 - -11.153809) - -0.123658806)) ^ (0.7259255 ^ ((sqrt(exp(5.680562)) / ((-0.37970656 / ((X4 * -13.693292) + (X4 + 39.80137))) + ((sqrt(X4) / 3.0028963) + (1.4196935 + (sin(X4) + X3))))) - ((12.139579 + X4) - (478.725 / (sqrt(1585.4341) + (25.26121 + -9.465889))))))) [likelihood params: Float32[]]"
131,1203435,68.65004,202.93639,0.06906845,0.13590062,0.9501543,0.7849734,68.65004,35.528,37.028,Inf,49,"(abs(((2.2978175 - -11.153809) - 5191.568)) ^ (0.7167502 ^ ((sqrt(exp(5.4444523)) / ((-0.497274 / ((X4 * -13.694854) + (X4 + 39.796455))) + (((X4 / X4) / 0.6548169) + ((X5 * 0.087924674) + (sin(X4) + X3))))) - ((12.064403 + X4) - (483.3461 / (sqrt(1540.8324) + (24.707222 + -10.01785))))))) [likelihood params: Float32[]]"
132,1216014,68.65004,202.93639,0.06906845,0.13590062,0.9501543,0.7849734,68.65004,35.528,36.832,Inf,49,"(abs(((2.2978175 - -11.153809) - 5191.568)) ^ (0.7167502 ^ ((sqrt(exp(5.4444523)) / ((-0.497274 / ((X4 * -13.694854) + (X4 + 39.796455))) + (((X4 / X4) / 0.6548169) + ((X5 * 0.087924674) + (sin(X4) + X3))))) - ((12.064403 + X4) - (483.3461 / (sqrt(1540.8324) + (24.707222 + -10.01785))))))) [likelihood params: Float32[]]"
133,1228318,68.65004,202.93639,0.06906845,0.13590062,0.9501543,0.7849734,68.65004,35.528,37.52,Inf,49,"(abs(((2.2978175 - -11.153809) - 5191.568)) ^ (0.7167502 ^ ((sqrt(exp(5.4444523)) / ((-0.497274 / ((X4 * -13.694854) + (X4 + 39.796455))) + (((X4 / X4) / 0.6548169) + ((X5 * 0.087924674) + (sin(X4) + X3))))) - ((12.064403 + X4) - (483.3461 / (sqrt(1540.8324) + (24.707222 + -10.01785))))))) [likelihood params: Float32[]]"
134,1240516,68.65004,202.93639,0.06906845,0.13590062,0.9501543,0.7849734,68.65004,35.528,37.042,Inf,49,"(abs(((2.2978175 - -11.153809) - 5191.568)) ^ (0.7167502 ^ ((sqrt(exp(5.4444523)) / ((-0.497274 / ((X4 * -13.694854) + (X4 + 39.796455))) + (((X4 / X4) / 0.6548169) + ((X5 * 0.087924674) + (sin(X4) + X3))))) - ((12.064403 + X4) - (483.3461 / (sqrt(1540.8324) + (24.707222 + -10.01785))))))) [likelihood params: Float32[]]"
135,1252587,68.65004,202.93639,0.06906845,0.13590062,0.9501543,0.7849734,68.65004,35.528,37.158,Inf,49,"(abs(((2.2978175 - -11.153809) - 5191.568)) ^ (0.7167502 ^ ((sqrt(exp(5.4444523)) / ((-0.497274 / ((X4 * -13.694854) + (X4 + 39.796455))) + (((X4 / X4) / 0.6548169) + ((X5 * 0.087924674) + (sin(X4) + X3))))) - ((12.064403 + X4) - (483.3461 / (sqrt(1540.8324) + (24.707222 + -10.01785))))))) [likelihood params: Float32[]]"
136,1264550,68.65004,202.93639,0.06906845,0.13590062,0.9501543,0.7849734,68.65004,35.528,37.484,Inf,49,"(abs(((2.2978175 - -11.153809) - 5191.568)) ^ (0.7167502 ^ ((sqrt(exp(5.4444523)) / ((-0.497274 / ((X4 * -13.694854) + (X4 + 39.796455))) + (((X4 / X4) / 0.6548169) + ((X5 * 0.087924674) + (sin(X4) + X3))))) - ((12.064403 + X4) - (483.3461 / (sqrt(1540.8324) + (24.707222 + -10.01785))))))) [likelihood params: Float32[]]"
137,1277146,68.65004,202.93639,0.06906845,0.13590062,0.9501543,0.7849734,68.65004,35.528,37.46,Inf,49,"(abs(((2.2978175 - -11.153809) - 5191.568)) ^ (0.7167502 ^ ((sqrt(exp(5.4444523)) / ((-0.497274 / ((X4 * -13.694854) + (X4 + 39.796455))) + (((X4 / X4) / 0.6548169) + ((X5 * 0.087924674) + (sin(X4) + X3))))) - ((12.064403 + X4) - (483.3461 / (sqrt(1540.8324) + (24.707222 + -10.01785))))))) [likelihood params: Float32[]]"
138,1289008,68.65004,202.93639,0.06906845,0.13590062,0.9501543,0.7849734,68.65004,35.528,38.57,Inf,49,"(abs(((2.2978175 - -11.153809) - 5191.568)) ^ (0.7167502 ^ ((sqrt(exp(5.4444523)) / ((-0.497274 / ((X4 * -13.694854) + (X4 + 39.796455))) + (((X4 / X4) / 0.6548169) + ((X5 * 0.087924674) + (sin(X4) + X3))))) - ((12.064403 + X4) - (483.3461 / (sqrt(1540.8324) + (24.707222 + -10.01785))))))) [likelihood params: Float32[]]"
139,1300609,68.65004,202.93639,0.06906845,0.13590062,0.9501543,0.7849734,68.65004,35.528,38.604,Inf,49,"(abs(((2.2978175 - -11.153809) - 5191.568)) ^ (0.7167502 ^ ((sqrt(exp(5.4444523)) / ((-0.497274 / ((X4 * -13.694854) + (X4 + 39.796455))) + (((X4 / X4) / 0.6548169) + ((X5 * 0.087924674) + (sin(X4) + X3))))) - ((12.064403 + X4) - (483.3461 / (sqrt(1540.8324) + (24.707222 + -10.01785))))))) [likelihood params: Float32[]]"
140,1311706,68.65004,202.93639,0.06906845,0.13590062,0.9501543,0.7849734,68.65004,35.528,38.18,Inf,49,"(abs(((2.2978175 - -11.153809) - 5191.568)) ^ (0.7167502 ^ ((sqrt(exp(5.4444523)) / ((-0.497274 / ((X4 * -13.694854) + (X4 + 39.796455))) + (((X4 / X4) / 0.6548169) + ((X5 * 0.087924674) + (sin(X4) + X3))))) - ((12.064403 + X4) - (483.3461 / (sqrt(1540.8324) + (24.707222 + -10.01785))))))) [likelihood params: Float32[]]"
141,1323354,68.65004,202.93639,0.06906845,0.13590062,0.9501543,0.7849734,68.65004,35.528,38.256,Inf,49,"(abs(((2.2978175 - -11.153809) - 5191.568)) ^ (0.7167502 ^ ((sqrt(exp(5.4444523)) / ((-0.497274 / ((X4 * -13.694854) + (X4 + 39.796455))) + (((X4 / X4) / 0.6548169) + ((X5 * 0.087924674) + (sin(X4) + X3))))) - ((12.064403 + X4) - (483.3461 / (sqrt(1540.8324) + (24.707222 + -10.01785))))))) [likelihood params: Float32[]]"
142,1333963,68.65004,202.93639,0.06906845,0.13590062,0.9501543,0.7849734,68.65004,35.528,38.522,Inf,49,"(abs(((2.2978175 - -11.153809) - 5191.568)) ^ (0.7167502 ^ ((sqrt(exp(5.4444523)) / ((-0.497274 / ((X4 * -13.694854) + (X4 + 39.796455))) + (((X4 / X4) / 0.6548169) + ((X5 * 0.087924674) + (sin(X4) + X3))))) - ((12.064403 + X4) - (483.3461 / (sqrt(1540.8324) + (24.707222 + -10.01785))))))) [likelihood params: Float32[]]"
143,1344668,68.65004,202.93639,0.06906845,0.13590062,0.9501543,0.7849734,68.65004,35.528,38.534,Inf,49,"(abs(((2.2978175 - -11.153809) - 5191.568)) ^ (0.7167502 ^ ((sqrt(exp(5.4444523)) / ((-0.497274 / ((X4 * -13.694854) + (X4 + 39.796455))) + (((X4 / X4) / 0.6548169) + ((X5 * 0.087924674) + (sin(X4) + X3))))) - ((12.064403 + X4) - (483.3461 / (sqrt(1540.8324) + (24.707222 + -10.01785))))))) [likelihood params: Float32[]]"
144,1355511,68.65004,202.93639,0.06906845,0.13590062,0.9501543,0.7849734,68.65004,35.528,37.892,Inf,49,"(abs(((2.2978175 - -11.153809) - 5191.568)) ^ (0.7167502 ^ ((sqrt(exp(5.4444523)) / ((-0.497274 / ((X4 * -13.694854) + (X4 + 39.796455))) + (((X4 / X4) / 0.6548169) + ((X5 * 0.087924674) + (sin(X4) + X3))))) - ((12.064403 + X4) - (483.3461 / (sqrt(1540.8324) + (24.707222 + -10.01785))))))) [likelihood params: Float32[]]"
145,1366509,68.65004,202.93639,0.06906845,0.13590062,0.9501543,0.7849734,68.65004,35.528,36.96,Inf,49,"(abs(((2.2978175 - -11.153809) - 5191.568)) ^ (0.7167502 ^ ((sqrt(exp(5.4444523)) / ((-0.497274 / ((X4 * -13.694854) + (X4 + 39.796455))) + (((X4 / X4) / 0.6548169) + ((X5 * 0.087924674) + (sin(X4) + X3))))) - ((12.064403 + X4) - (483.3461 / (sqrt(1540.8324) + (24.707222 + -10.01785))))))) [likelihood params: Float32[]]"
146,1377734,68.65004,202.93639,0.06906845,0.13590062,0.9501543,0.7849734,68.65004,35.528,37.852,Inf,49,"(abs(((2.2978175 - -11.153809) - 5191.568)) ^ (0.7167502 ^ ((sqrt(exp(5.4444523)) / ((-0.497274 / ((X4 * -13.694854) + (X4 + 39.796455))) + (((X4 / X4) / 0.6548169) + ((X5 * 0.087924674) + (sin(X4) + X3))))) - ((12.064403 + X4) - (483.3461 / (sqrt(1540.8324) + (24.707222 + -10.01785))))))) [likelihood params: Float32[]]"
147,1389139,68.65004,202.93639,0.06906845,0.13590062,0.9501543,0.7849734,68.65004,35.528,37.818,Inf,49,"(abs(((2.2978175 - -11.153809) - 5191.568)) ^ (0.7167502 ^ ((sqrt(exp(5.4444523)) / ((-0.497274 / ((X4 * -13.694854) + (X4 + 39.796455))) + (((X4 / X4) / 0.6548169) + ((X5 * 0.087924674) + (sin(X4) + X3))))) - ((12.064403 + X4) - (483.3461 / (sqrt(1540.8324) + (24.707222 + -10.01785))))))) [likelihood params: Float32[]]"
148,1400121,68.65004,202.93639,0.06906845,0.13590062,0.9501543,0.7849734,68.65004,35.528,37.432,Inf,49,"(abs(((2.2978175 - -11.153809) - 5191.568)) ^ (0.7167502 ^ ((sqrt(exp(5.4444523)) / ((-0.497274 / ((X4 * -13.694854) + (X4 + 39.796455))) + (((X4 / X4) / 0.6548169) + ((X5 * 0.087924674) + (sin(X4) + X3))))) - ((12.064403 + X4) - (483.3461 / (sqrt(1540.8324) + (24.707222 + -10.01785))))))) [likelihood params: Float32[]]"
149,1412244,68.65004,202.93639,0.06906845,0.13590062,0.9501543,0.7849734,68.65004,35.528,37.336,Inf,49,"(abs(((2.2978175 - -11.153809) - 5191.568)) ^ (0.7167502 ^ ((sqrt(exp(5.4444523)) / ((-0.497274 / ((X4 * -13.694854) + (X4 + 39.796455))) + (((X4 / X4) / 0.6548169) + ((X5 * 0.087924674) + (sin(X4) + X3))))) - ((12.064403 + X4) - (483.3461 / (sqrt(1540.8324) + (24.707222 + -10.01785))))))) [likelihood params: Float32[]]"
150,1424256,68.65004,202.93639,0.06906845,0.13590062,0.9501543,0.7849734,68.65004,35.528,37.468,Inf,49,"(abs(((2.2978175 - -11.153809) - 5191.568)) ^ (0.7167502 ^ ((sqrt(exp(5.4444523)) / ((-0.497274 / ((X4 * -13.694854) + (X4 + 39.796455))) + (((X4 / X4) / 0.6548169) + ((X5 * 0.087924674) + (sin(X4) + X3))))) - ((12.064403 + X4) - (483.3461 / (sqrt(1540.8324) + (24.707222 + -10.01785))))))) [likelihood params: Float32[]]"
151,1437039,68.65004,202.93639,0.06906845,0.13590062,0.9501543,0.7849734,68.65004,35.528,37.224,Inf,49,"(abs(((2.2978175 - -11.153809) - 5191.568)) ^ (0.7167502 ^ ((sqrt(exp(5.4444523)) / ((-0.497274 / ((X4 * -13.694854) + (X4 + 39.796455))) + (((X4 / X4) / 0.6548169) + ((X5 * 0.087924674) + (sin(X4) + X3))))) - ((12.064403 + X4) - (483.3461 / (sqrt(1540.8324) + (24.707222 + -10.01785))))))) [likelihood params: Float32[]]"
152,1449739,68.65004,202.93639,0.06906845,0.13590062,0.9501543,0.7849734,68.65004,35.528,36.21,Inf,49,"(abs(((2.2978175 - -11.153809) - 5191.568)) ^ (0.7167502 ^ ((sqrt(exp(5.4444523)) / ((-0.497274 / ((X4 * -13.694854) + (X4 + 39.796455))) + (((X4 / X4) / 0.6548169) + ((X5 * 0.087924674) + (sin(X4) + X3))))) - ((12.064403 + X4) - (483.3461 / (sqrt(1540.8324) + (24.707222 + -10.01785))))))) [likelihood params: Float32[]]"
153,1462729,68.65004,202.93639,0.06906845,0.13590062,0.9501543,0.7849734,68.65004,35.528,36.936,Inf,49,"(abs(((2.2978175 - -11.153809) - 5191.568)) ^ (0.7167502 ^ ((sqrt(exp(5.4444523)) / ((-0.497274 / ((X4 * -13.694854) + (X4 + 39.796455))) + (((X4 / X4) / 0.6548169) + ((X5 * 0.087924674) + (sin(X4) + X3))))) - ((12.064403 + X4) - (483.3461 / (sqrt(1540.8324) + (24.707222 + -10.01785))))))) [likelihood params: Float32[]]"
154,1476439,68.65004,202.93639,0.06906845,0.13590062,0.9501543,0.7849734,68.65004,35.528,37.1,Inf,49,"(abs(((2.2978175 - -11.153809) - 5191.568)) ^ (0.7167502 ^ ((sqrt(exp(5.4444523)) / ((-0.497274 / ((X4 * -13.694854) + (X4 + 39.796455))) + (((X4 / X4) / 0.6548169) + ((X5 * 0.087924674) + (sin(X4) + X3))))) - ((12.064403 + X4) - (483.3461 / (sqrt(1540.8324) + (24.707222 + -10.01785))))))) [likelihood params: Float32[]]"
155,1489378,68.65004,202.93639,0.06906845,0.13590062,0.9501543,0.7849734,68.65004,35.528,36.89,Inf,49,"(abs(((2.2978175 - -11.153809) - 5191.568)) ^ (0.7167502 ^ ((sqrt(exp(5.4444523)) / ((-0.497274 / ((X4 * -13.694854) + (X4 + 39.796455))) + (((X4 / X4) / 0.6548169) + ((X5 * 0.087924674) + (sin(X4) + X3))))) - ((12.064403 + X4) - (483.3461 / (sqrt(1540.8324) + (24.707222 + -10.01785))))))) [likelihood params: Float32[]]"
156,1501889,68.65004,202.93639,0.06906845,0.13590062,0.9501543,0.7849734,68.65004,35.528,37.792,Inf,49,"(abs(((2.2978175 - -11.153809) - 5191.568)) ^ (0.7167502 ^ ((sqrt(exp(5.4444523)) / ((-0.497274 / ((X4 * -13.694854) + (X4 + 39.796455))) + (((X4 / X4) / 0.6548169) + ((X5 * 0.087924674) + (sin(X4) + X3))))) - ((12.064403 + X4) - (483.3461 / (sqrt(1540.8324) + (24.707222 + -10.01785))))))) [likelihood params: Float32[]]"
157,1515216,68.65004,202.93639,0.06906845,0.13590062,0.9501543,0.7849734,68.65004,35.528,38.836,Inf,49,"(abs(((2.2978175 - -11.153809) - 5191.568)) ^ (0.7167502 ^ ((sqrt(exp(5.4444523)) / ((-0.497274 / ((X4 * -13.694854) + (X4 + 39.796455))) + (((X4 / X4) / 0.6548169) + ((X5 * 0.087924674) + (sin(X4) + X3))))) - ((12.064403 + X4) - (483.3461 / (sqrt(1540.8324) + (24.707222 + -10.01785))))))) [likelihood params: Float32[]]"
158,1528430,68.65004,202.93639,0.06906845,0.13590062,0.9501543,0.7849734,68.65004,35.528,38.138,Inf,49,"(abs(((2.2978175 - -11.153809) - 5191.568)) ^ (0.7167502 ^ ((sqrt(exp(5.4444523)) / ((-0.497274 / ((X4 * -13.694854) + (X4 + 39.796455))) + (((X4 / X4) / 0.6548169) + ((X5 * 0.087924674) + (sin(X4) + X3))))) - ((12.064403 + X4) - (483.3461 / (sqrt(1540.8324) + (24.707222 + -10.01785))))))) [likelihood params: Float32[]]"
159,1542062,68.65004,202.93639,0.06906845,0.13590062,0.9501543,0.7849734,68.65004,35.528,37.694,Inf,49,"(abs(((2.2978175 - -11.153809) - 5191.568)) ^ (0.7167502 ^ ((sqrt(exp(5.4444523)) / ((-0.497274 / ((X4 * -13.694854) + (X4 + 39.796455))) + (((X4 / X4) / 0.6548169) + ((X5 * 0.087924674) + (sin(X4) + X3))))) - ((12.064403 + X4) - (483.3461 / (sqrt(1540.8324) + (24.707222 + -10.01785))))))) [likelihood params: Float32[]]"
160,1554804,68.65004,202.93639,0.06906845,0.13590062,0.9501543,0.7849734,68.65004,35.528,38.558,Inf,49,"(abs(((2.2978175 - -11.153809) - 5191.568)) ^ (0.7167502 ^ ((sqrt(exp(5.4444523)) / ((-0.497274 / ((X4 * -13.694854) + (X4 + 39.796455))) + (((X4 / X4) / 0.6548169) + ((X5 * 0.087924674) + (sin(X4) + X3))))) - ((12.064403 + X4) - (483.3461 / (sqrt(1540.8324) + (24.707222 + -10.01785))))))) [likelihood params: Float32[]]"
161,1568495,68.65004,202.93639,0.06906845,0.13590062,0.9501543,0.7849734,68.65004,35.528,37.854,Inf,49,"(abs(((2.2978175 - -11.153809) - 5191.568)) ^ (0.7167502 ^ ((sqrt(exp(5.4444523)) / ((-0.497274 / ((X4 * -13.694854) + (X4 + 39.796455))) + (((X4 / X4) / 0.6548169) + ((X5 * 0.087924674) + (sin(X4) + X3))))) - ((12.064403 + X4) - (483.3461 / (sqrt(1540.8324) + (24.707222 + -10.01785))))))) [likelihood params: Float32[]]"
162,1582704,68.65004,202.93639,0.06906845,0.13590062,0.9501543,0.7849734,68.65004,35.528,38.396,Inf,49,"(abs(((2.2978175 - -11.153809) - 5191.568)) ^ (0.7167502 ^ ((sqrt(exp(5.4444523)) / ((-0.497274 / ((X4 * -13.694854) + (X4 + 39.796455))) + (((X4 / X4) / 0.6548169) + ((X5 * 0.087924674) + (sin(X4) + X3))))) - ((12.064403 + X4) - (483.3461 / (sqrt(1540.8324) + (24.707222 + -10.01785))))))) [likelihood params: Float32[]]"
163,1595207,68.65004,202.93639,0.06906845,0.13590062,0.9501543,0.7849734,68.65004,35.528,37.618,Inf,49,"(abs(((2.2978175 - -11.153809) - 5191.568)) ^ (0.7167502 ^ ((sqrt(exp(5.4444523)) / ((-0.497274 / ((X4 * -13.694854) + (X4 + 39.796455))) + (((X4 / X4) / 0.6548169) + ((X5 * 0.087924674) + (sin(X4) + X3))))) - ((12.064403 + X4) - (483.3461 / (sqrt(1540.8324) + (24.707222 + -10.01785))))))) [likelihood params: Float32[]]"
164,1609244,68.65004,202.93639,0.06906845,0.13590062,0.9501543,0.7849734,68.65004,35.528,37.184,Inf,49,"(abs(((2.2978175 - -11.153809) - 5191.568)) ^ (0.7167502 ^ ((sqrt(exp(5.4444523)) / ((-0.497274 / ((X4 * -13.694854) + (X4 + 39.796455))) + (((X4 / X4) / 0.6548169) + ((X5 * 0.087924674) + (sin(X4) + X3))))) - ((12.064403 + X4) - (483.3461 / (sqrt(1540.8324) + (24.707222 + -10.01785))))))) [likelihood params: Float32[]]"
165,1621823,68.65004,202.93639,0.06906845,0.13590062,0.9501543,0.7849734,68.65004,35.528,37.076,Inf,49,"(abs(((2.2978175 - -11.153809) - 5191.568)) ^ (0.7167502 ^ ((sqrt(exp(5.4444523)) / ((-0.497274 / ((X4 * -13.694854) + (X4 + 39.796455))) + (((X4 / X4) / 0.6548169) + ((X5 * 0.087924674) + (sin(X4) + X3))))) - ((12.064403 + X4) - (483.3461 / (sqrt(1540.8324) + (24.707222 + -10.01785))))))) [likelihood params: Float32[]]"
166,1634429,68.65004,202.93639,0.06906845,0.13590062,0.9501543,0.7849734,68.65004,35.528,37.21,Inf,49,"(abs(((2.2978175 - -11.153809) - 5191.568)) ^ (0.7167502 ^ ((sqrt(exp(5.4444523)) / ((-0.497274 / ((X4 * -13.694854) + (X4 + 39.796455))) + (((X4 / X4) / 0.6548169) + ((X5 * 0.087924674) + (sin(X4) + X3))))) - ((12.064403 + X4) - (483.3461 / (sqrt(1540.8324) + (24.707222 + -10.01785))))))) [likelihood params: Float32[]]"
167,1646858,68.65004,202.93639,0.06906845,0.13590062,0.9501543,0.7849734,68.65004,35.528,36.19,Inf,49,"(abs(((2.2978175 - -11.153809) - 5191.568)) ^ (0.7167502 ^ ((sqrt(exp(5.4444523)) / ((-0.497274 / ((X4 * -13.694854) + (X4 + 39.796455))) + (((X4 / X4) / 0.6548169) + ((X5 * 0.087924674) + (sin(X4) + X3))))) - ((12.064403 + X4) - (483.3461 / (sqrt(1540.8324) + (24.707222 + -10.01785))))))) [likelihood params: Float32[]]"
168,1658836,68.65004,202.93639,0.06906845,0.13590062,0.9501543,0.7849734,68.65004,35.528,37.556,Inf,49,"(abs(((2.2978175 - -11.153809) - 5191.568)) ^ (0.7167502 ^ ((sqrt(exp(5.4444523)) / ((-0.497274 / ((X4 * -13.694854) + (X4 + 39.796455))) + (((X4 / X4) / 0.6548169) + ((X5 * 0.087924674) + (sin(X4) + X3))))) - ((12.064403 + X4) - (483.3461 / (sqrt(1540.8324) + (24.707222 + -10.01785))))))) [likelihood params: Float32[]]"
169,1672278,68.65004,202.93639,0.06906845,0.13590062,0.9501543,0.7849734,68.65004,35.528,35.862,Inf,49,"(abs(((2.2978175 - -11.153809) - 5191.568)) ^ (0.7167502 ^ ((sqrt(exp(5.4444523)) / ((-0.497274 / ((X4 * -13.694854) + (X4 + 39.796455))) + (((X4 / X4) / 0.6548169) + ((X5 * 0.087924674) + (sin(X4) + X3))))) - ((12.064403 + X4) - (483.3461 / (sqrt(1540.8324) + (24.707222 + -10.01785))))))) [likelihood params: Float32[]]"
170,1685188,68.65004,202.93639,0.06906845,0.13590062,0.9501543,0.7849734,68.65004,35.528,35.876,Inf,49,"(abs(((2.2978175 - -11.153809) - 5191.568)) ^ (0.7167502 ^ ((sqrt(exp(5.4444523)) / ((-0.497274 / ((X4 * -13.694854) + (X4 + 39.796455))) + (((X4 / X4) / 0.6548169) + ((X5 * 0.087924674) + (sin(X4) + X3))))) - ((12.064403 + X4) - (483.3461 / (sqrt(1540.8324) + (24.707222 + -10.01785))))))) [likelihood params: Float32[]]"
171,1698009,68.65004,202.93639,0.06906845,0.13590062,0.9501543,0.7849734,68.65004,35.528,35.648,Inf,49,"(abs(((2.2978175 - -11.153809) - 5191.568)) ^ (0.7167502 ^ ((sqrt(exp(5.4444523)) / ((-0.497274 / ((X4 * -13.694854) + (X4 + 39.796455))) + (((X4 / X4) / 0.6548169) + ((X5 * 0.087924674) + (sin(X4) + X3))))) - ((12.064403 + X4) - (483.3461 / (sqrt(1540.8324) + (24.707222 + -10.01785))))))) [likelihood params: Float32[]]"
172,1711636,68.65004,202.93639,0.06906845,0.13590062,0.9501543,0.7849734,68.65004,35.528,35.392,Inf,49,"(abs(((2.2978175 - -11.153809) - 5191.568)) ^ (0.7167502 ^ ((sqrt(exp(5.4444523)) / ((-0.497274 / ((X4 * -13.694854) + (X4 + 39.796455))) + (((X4 / X4) / 0.6548169) + ((X5 * 0.087924674) + (sin(X4) + X3))))) - ((12.064403 + X4) - (483.3461 / (sqrt(1540.8324) + (24.707222 + -10.01785))))))) [likelihood params: Float32[]]"
173,1725716,68.65004,202.93639,0.06906845,0.13590062,0.9501543,0.7849734,68.65004,35.528,36.22,Inf,49,"(abs(((2.2978175 - -11.153809) - 5191.568)) ^ (0.7167502 ^ ((sqrt(exp(5.4444523)) / ((-0.497274 / ((X4 * -13.694854) + (X4 + 39.796455))) + (((X4 / X4) / 0.6548169) + ((X5 * 0.087924674) + (sin(X4) + X3))))) - ((12.064403 + X4) - (483.3461 / (sqrt(1540.8324) + (24.707222 + -10.01785))))))) [likelihood params: Float32[]]"
174,1739588,68.65004,202.93639,0.06906845,0.13590062,0.9501543,0.7849734,68.65004,35.528,35.92,Inf,49,"(abs(((2.2978175 - -11.153809) - 5191.568)) ^ (0.7167502 ^ ((sqrt(exp(5.4444523)) / ((-0.497274 / ((X4 * -13.694854) + (X4 + 39.796455))) + (((X4 / X4) / 0.6548169) + ((X5 * 0.087924674) + (sin(X4) + X3))))) - ((12.064403 + X4) - (483.3461 / (sqrt(1540.8324) + (24.707222 + -10.01785))))))) [likelihood params: Float32[]]"
175,1753356,68.65004,202.93639,0.06906845,0.13590062,0.9501543,0.7849734,68.65004,35.528,36.502,Inf,49,"(abs(((2.2978175 - -11.153809) - 5191.568)) ^ (0.7167502 ^ ((sqrt(exp(5.4444523)) / ((-0.497274 / ((X4 * -13.694854) + (X4 + 39.796455))) + (((X4 / X4) / 0.6548169) + ((X5 * 0.087924674) + (sin(X4) + X3))))) - ((12.064403 + X4) - (483.3461 / (sqrt(1540.8324) + (24.707222 + -10.01785))))))) [likelihood params: Float32[]]"
176,1767960,68.65004,202.93639,0.06906845,0.13590062,0.9501543,0.7849734,68.65004,35.528,36.818,Inf,49,"(abs(((2.2978175 - -11.153809) - 5191.568)) ^ (0.7167502 ^ ((sqrt(exp(5.4444523)) / ((-0.497274 / ((X4 * -13.694854) + (X4 + 39.796455))) + (((X4 / X4) / 0.6548169) + ((X5 * 0.087924674) + (sin(X4) + X3))))) - ((12.064403 + X4) - (483.3461 / (sqrt(1540.8324) + (24.707222 + -10.01785))))))) [likelihood params: Float32[]]"
177,1782056,68.65004,202.93639,0.06906845,0.13590062,0.9501543,0.7849734,68.65004,35.528,37.324,Inf,49,"(abs(((2.2978175 - -11.153809) - 5191.568)) ^ (0.7167502 ^ ((sqrt(exp(5.4444523)) / ((-0.497274 / ((X4 * -13.694854) + (X4 + 39.796455))) + (((X4 / X4) / 0.6548169) + ((X5 * 0.087924674) + (sin(X4) + X3))))) - ((12.064403 + X4) - (483.3461 / (sqrt(1540.8324) + (24.707222 + -10.01785))))))) [likelihood params: Float32[]]"
178,1796053,68.65004,202.93639,0.06906845,0.13590062,0.9501543,0.7849734,68.65004,35.528,37.102,Inf,49,"(abs(((2.2978175 - -11.153809) - 5191.568)) ^ (0.7167502 ^ ((sqrt(exp(5.4444523)) / ((-0.497274 / ((X4 * -13.694854) + (X4 + 39.796455))) + (((X4 / X4) / 0.6548169) + ((X5 * 0.087924674) + (sin(X4) + X3))))) - ((12.064403 + X4) - (483.3461 / (sqrt(1540.8324) + (24.707222 + -10.01785))))))) [likelihood params: Float32[]]"
179,1808791,68.65004,202.93639,0.06906845,0.13590062,0.9501543,0.7849734,68.65004,35.528,36.512,Inf,49,"(abs(((2.2978175 - -11.153809) - 5191.568)) ^ (0.7167502 ^ ((sqrt(exp(5.4444523)) / ((-0.497274 / ((X4 * -13.694854) + (X4 + 39.796455))) + (((X4 / X4) / 0.6548169) + ((X5 * 0.087924674) + (sin(X4) + X3))))) - ((12.064403 + X4) - (483.3461 / (sqrt(1540.8324) + (24.707222 + -10.01785))))))) [likelihood params: Float32[]]"
180,1821344,68.65004,202.93639,0.06906845,0.13590062,0.9501543,0.7849734,68.65004,35.528,37.636,Inf,49,"(abs(((2.2978175 - -11.153809) - 5191.568)) ^ (0.7167502 ^ ((sqrt(exp(5.4444523)) / ((-0.497274 / ((X4 * -13.694854) + (X4 + 39.796455))) + (((X4 / X4) / 0.6548169) + ((X5 * 0.087924674) + (sin(X4) + X3))))) - ((12.064403 + X4) - (483.3461 / (sqrt(1540.8324) + (24.707222 + -10.01785))))))) [likelihood params: Float32[]]"
181,1834800,68.65004,202.93639,0.06906845,0.13590062,0.9501543,0.7849734,68.65004,35.528,37.542,Inf,49,"(abs(((2.2978175 - -11.153809) - 5191.568)) ^ (0.7167502 ^ ((sqrt(exp(5.4444523)) / ((-0.497274 / ((X4 * -13.694854) + (X4 + 39.796455))) + (((X4 / X4) / 0.6548169) + ((X5 * 0.087924674) + (sin(X4) + X3))))) - ((12.064403 + X4) - (483.3461 / (sqrt(1540.8324) + (24.707222 + -10.01785))))))) [likelihood params: Float32[]]"
182,1848090,68.65004,202.93639,0.06906845,0.13590062,0.9501543,0.7849734,68.65004,35.528,36.44,Inf,49,"(abs(((2.2978175 - -11.153809) - 5191.568)) ^ (0.7167502 ^ ((sqrt(exp(5.4444523)) / ((-0.497274 / ((X4 * -13.694854) + (X4 + 39.796455))) + (((X4 / X4) / 0.6548169) + ((X5 * 0.087924674) + (sin(X4) + X3))))) - ((12.064403 + X4) - (483.3461 / (sqrt(1540.8324) + (24.707222 + -10.01785))))))) [likelihood params: Float32[]]"
183,1861698,68.65004,202.93639,0.06906845,0.13590062,0.9501543,0.7849734,68.65004,35.528,37.088,Inf,49,"(abs(((2.2978175 - -11.153809) - 5191.568)) ^ (0.7167502 ^ ((sqrt(exp(5.4444523)) / ((-0.497274 / ((X4 * -13.694854) + (X4 + 39.796455))) + (((X4 / X4) / 0.6548169) + ((X5 * 0.087924674) + (sin(X4) + X3))))) - ((12.064403 + X4) - (483.3461 / (sqrt(1540.8324) + (24.707222 + -10.01785))))))) [likelihood params: Float32[]]"
184,1875256,68.65004,202.93639,0.06906845,0.13590062,0.9501543,0.7849734,68.65004,35.528,36.686,Inf,49,"(abs(((2.2978175 - -11.153809) - 5191.568)) ^ (0.7167502 ^ ((sqrt(exp(5.4444523)) / ((-0.497274 / ((X4 * -13.694854) + (X4 + 39.796455))) + (((X4 / X4) / 0.6548169) + ((X5 * 0.087924674) + (sin(X4) + X3))))) - ((12.064403 + X4) - (483.3461 / (sqrt(1540.8324) + (24.707222 + -10.01785))))))) [likelihood params: Float32[]]"
185,1889487,68.65004,202.93639,0.06906845,0.13590062,0.9501543,0.7849734,68.65004,35.528,36.552,Inf,49,"(abs(((2.2978175 - -11.153809) - 5191.568)) ^ (0.7167502 ^ ((sqrt(exp(5.4444523)) / ((-0.497274 / ((X4 * -13.694854) + (X4 + 39.796455))) + (((X4 / X4) / 0.6548169) + ((X5 * 0.087924674) + (sin(X4) + X3))))) - ((12.064403 + X4) - (483.3461 / (sqrt(1540.8324) + (24.707222 + -10.01785))))))) [likelihood params: Float32[]]"
186,1903534,68.65004,202.93639,0.06906845,0.13590062,0.9501543,0.7849734,68.65004,35.528,35.824,Inf,49,"(abs(((2.2978175 - -11.153809) - 5191.568)) ^ (0.7167502 ^ ((sqrt(exp(5.4444523)) / ((-0.497274 / ((X4 * -13.694854) + (X4 + 39.796455))) + (((X4 / X4) / 0.6548169) + ((X5 * 0.087924674) + (sin(X4) + X3))))) - ((12.064403 + X4) - (483.3461 / (sqrt(1540.8324) + (24.707222 + -10.01785))))))) [likelihood params: Float32[]]"
187,1918411,68.54098,187.38919,0.066039056,0.13200441,0.9523406,0.79113805,68.54098,35.457867,35.85,Inf,49,"(abs((172.43733 ^ (X4 + -24.631649))) ^ (abs(6.341767) ^ (0.9297682 ^ (X3 + (0.95216095 ^ (((((X4 + -5.2714167) / ((X4 + X4) + (X4 + -5.1479735))) + (((0.55365604 + -5.696616) / (X4 + (X4 + -6.250912))) + 674.615)) / (X4 + (X3 + 6.055251))) - (60.232697 - (X3 + -20.679785)))))))) [likelihood params: Float32[]]"
188,1932893,68.54028,186.84802,0.066019684,0.13200976,0.95235455,0.7911296,68.54028,35.457962,35.15,Inf,49,"(abs((172.43733 ^ (X4 + -24.631649))) ^ (abs(6.341767) ^ (0.9297682 ^ (X3 + (0.95652807 ^ (((((X4 + -5.6511235) / ((X4 + X4) + (X4 + -5.146904))) + (((-5.673818 + 0.115354955) / (X4 + (X4 + -6.2511554))) + 708.98724)) / (X4 + (X3 + 5.8708806))) - (63.212204 - (X3 + -23.65589)))))))) [likelihood params: Float32[]]"
189,1946837,68.54028,186.84802,0.066019684,0.13200976,0.95235455,0.7911296,68.54028,35.457962,35.69,Inf,49,"(abs((172.43733 ^ (X4 + -24.631649))) ^ (abs(6.341767) ^ (0.9297682 ^ (X3 + (0.95652807 ^ (((((X4 + -5.6511235) / ((X4 + X4) + (X4 + -5.146904))) + (((-5.673818 + 0.115354955) / (X4 + (X4 + -6.2511554))) + 708.98724)) / (X4 + (X3 + 5.8708806))) - (63.212204 - (X3 + -23.65589)))))))) [likelihood params: Float32[]]"
190,1960532,68.54028,186.84802,0.066019684,0.13200976,0.95235455,0.7911296,68.54028,35.457962,35.334,Inf,49,"(abs((172.43733 ^ (X4 + -24.631649))) ^ (abs(6.341767) ^ (0.9297682 ^ (X3 + (0.95652807 ^ (((((X4 + -5.6511235) / ((X4 + X4) + (X4 + -5.146904))) + (((-5.673818 + 0.115354955) / (X4 + (X4 + -6.2511554))) + 708.98724)) / (X4 + (X3 + 5.8708806))) - (63.212204 - (X3 + -23.65589)))))))) [likelihood params: Float32[]]"
191,1974860,68.54028,186.84802,0.066019684,0.13200976,0.95235455,0.7911296,68.54028,35.457962,36.062,Inf,49,"(abs((172.43733 ^ (X4 + -24.631649))) ^ (abs(6.341767) ^ (0.9297682 ^ (X3 + (0.95652807 ^ (((((X4 + -5.6511235) / ((X4 + X4) + (X4 + -5.146904))) + (((-5.673818 + 0.115354955) / (X4 + (X4 + -6.2511554))) + 708.98724)) / (X4 + (X3 + 5.8708806))) - (63.212204 - (X3 + -23.65589)))))))) [likelihood params: Float32[]]"
192,1988423,68.54028,186.84802,0.066019684,0.13200976,0.95235455,0.7911296,68.54028,35.457962,35.462,Inf,49,"(abs((172.43733 ^ (X4 + -24.631649))) ^ (abs(6.341767) ^ (0.9297682 ^ (X3 + (0.95652807 ^ (((((X4 + -5.6511235) / ((X4 + X4) + (X4 + -5.146904))) + (((-5.673818 + 0.115354955) / (X4 + (X4 + -6.2511554))) + 708.98724)) / (X4 + (X3 + 5.8708806))) - (63.212204 - (X3 + -23.65589)))))))) [likelihood params: Float32[]]"
193,2002488,68.54028,186.84802,0.066019684,0.13200976,0.95235455,0.7911296,68.54028,35.457962,35.398,Inf,49,"(abs((172.43733 ^ (X4 + -24.631649))) ^ (abs(6.341767) ^ (0.9297682 ^ (X3 + (0.95652807 ^ (((((X4 + -5.6511235) / ((X4 + X4) + (X4 + -5.146904))) + (((-5.673818 + 0.115354955) / (X4 + (X4 + -6.2511554))) + 708.98724)) / (X4 + (X3 + 5.8708806))) - (63.212204 - (X3 + -23.65589)))))))) [likelihood params: Float32[]]"
194,2017004,68.54028,186.84802,0.066019684,0.13200976,0.95235455,0.7911296,68.54028,35.457962,35.432,Inf,49,"(abs((172.43733 ^ (X4 + -24.631649))) ^ (abs(6.341767) ^ (0.9297682 ^ (X3 + (0.95652807 ^ (((((X4 + -5.6511235) / ((X4 + X4) + (X4 + -5.146904))) + (((-5.673818 + 0.115354955) / (X4 + (X4 + -6.2511554))) + 708.98724)) / (X4 + (X3 + 5.8708806))) - (63.212204 - (X3 + -23.65589)))))))) [likelihood params: Float32[]]"
195,2031124,68.54028,186.84802,0.066019684,0.13200976,0.95235455,0.7911296,68.54028,35.457962,36.308,Inf,49,"(abs((172.43733 ^ (X4 + -24.631649))) ^ (abs(6.341767) ^ (0.9297682 ^ (X3 + (0.95652807 ^ (((((X4 + -5.6511235) / ((X4 + X4) + (X4 + -5.146904))) + (((-5.673818 + 0.115354955) / (X4 + (X4 + -6.2511554))) + 708.98724)) / (X4 + (X3 + 5.8708806))) - (63.212204 - (X3 + -23.65589)))))))) [likelihood params: Float32[]]"
196,2045439,68.54028,186.84802,0.066019684,0.13200976,0.95235455,0.7911296,68.54028,35.457962,35.518,Inf,49,"(abs((172.43733 ^ (X4 + -24.631649))) ^ (abs(6.341767) ^ (0.9297682 ^ (X3 + (0.95652807 ^ (((((X4 + -5.6511235) / ((X4 + X4) + (X4 + -5.146904))) + (((-5.673818 + 0.115354955) / (X4 + (X4 + -6.2511554))) + 708.98724)) / (X4 + (X3 + 5.8708806))) - (63.212204 - (X3 + -23.65589)))))))) [likelihood params: Float32[]]"
197,2060236,68.54028,186.84802,0.066019684,0.13200976,0.95235455,0.7911296,68.54028,35.457962,36.086,Inf,49,"(abs((172.43733 ^ (X4 + -24.631649))) ^ (abs(6.341767) ^ (0.9297682 ^ (X3 + (0.95652807 ^ (((((X4 + -5.6511235) / ((X4 + X4) + (X4 + -5.146904))) + (((-5.673818 + 0.115354955) / (X4 + (X4 + -6.2511554))) + 708.98724)) / (X4 + (X3 + 5.8708806))) - (63.212204 - (X3 + -23.65589)))))))) [likelihood params: Float32[]]"
198,2075123,68.54028,186.84802,0.066019684,0.13200976,0.95235455,0.7911296,68.54028,35.457962,36.388,Inf,49,"(abs((172.43733 ^ (X4 + -24.631649))) ^ (abs(6.341767) ^ (0.9297682 ^ (X3 + (0.95652807 ^ (((((X4 + -5.6511235) / ((X4 + X4) + (X4 + -5.146904))) + (((-5.673818 + 0.115354955) / (X4 + (X4 + -6.2511554))) + 708.98724)) / (X4 + (X3 + 5.8708806))) - (63.212204 - (X3 + -23.65589)))))))) [likelihood params: Float32[]]"
199,2090310,68.54028,186.84802,0.066019684,0.13200976,0.95235455,0.7911296,68.54028,35.457962,37.714,Inf,49,"(abs((172.43733 ^ (X4 + -24.631649))) ^ (abs(6.341767) ^ (0.9297682 ^ (X3 + (0.95652807 ^ (((((X4 + -5.6511235) / ((X4 + X4) + (X4 + -5.146904))) + (((-5.673818 + 0.115354955) / (X4 + (X4 + -6.2511554))) + 708.98724)) / (X4 + (X3 + 5.8708806))) - (63.212204 - (X3 + -23.65589)))))))) [likelihood params: Float32[]]"
200,2104522,68.54028,186.84802,0.066019684,0.13200976,0.95235455,0.7911296,68.54028,35.457962,37.096,Inf,49,"(abs((172.43733 ^ (X4 + -24.631649))) ^ (abs(6.341767) ^ (0.9297682 ^ (X3 + (0.95652807 ^ (((((X4 + -5.6511235) / ((X4 + X4) + (X4 + -5.146904))) + (((-5.673818 + 0.115354955) / (X4 + (X4 + -6.2511554))) + 708.98724)) / (X4 + (X3 + 5.8708806))) - (63.212204 - (X3 + -23.65589)))))))) [likelihood params: Float32[]]"
114.683581 seconds (34.10 M allocations: 5.282 GiB, 0.94% gc time, 2816 lock conflicts, 11.29% compilation time: 5% of which was recompilation)
