-- TINY GP (Julia version) --
SEED=-1
MAX_LEN=50
POPSIZE=500
DEPTH=5
CROSSOVER_PROB=0.900000
PMUT_PER_NODE=0.050000
GENERATIONS=200
TSIZE=2
----------------------------------
gen,fevals,best_fitness,dl,MSE_train,MSE_test,R2_train,R2_test,nll_train,nll_test,avg_len,avg_fitness,size,Expression
1,8024,5772.07,5786.5913,370.5537,688.01794,0.7648942,0.509604,5772.07,5518.8467,6.184,Inf,5,"(exp(log(98980.32)) / X13) [likelihood params: Float32[]]"
2,15188,5772.07,5786.5913,370.5537,688.01794,0.7648942,0.509604,5772.07,5518.8467,6.014,Inf,5,"(exp(log(98980.32)) / X13) [likelihood params: Float32[]]"
3,22234,4610.4414,4637.806,295.60995,446.72406,0.81244385,0.68159014,4610.4414,3588.4956,6.402,Inf,9,"(((sin(-0.02774879) * X13) * 13.878461) + sqrt(158457.4)) [likelihood params: Float32[]]"
4,29932,4610.4414,4637.806,295.60995,446.72406,0.81244385,0.68159014,4610.4414,3588.4956,6.752,Inf,9,"(((sin(-0.02774879) * X13) * 13.878461) + sqrt(158457.4)) [likelihood params: Float32[]]"
5,39148,4610.4414,4637.806,295.60995,446.72406,0.81244385,0.68159014,4610.4414,3588.4956,7.304,Inf,9,"(((sin(-0.02774879) * X13) * 13.878461) + sqrt(158457.4)) [likelihood params: Float32[]]"
6,48564,4610.441,4651.038,295.60992,446.71796,0.8124439,0.6815945,4610.441,3588.4468,8.046,Inf,13,"(((sin(-0.027154094) * X13) * 14.182056) + ((19.579641 / 0.010182969) * log(1.2300128))) [likelihood params: Float32[]]"
7,58907,4587.1177,4637.1675,294.1052,438.8131,0.8133986,0.6872288,4587.1177,3525.208,7.782,Inf,14,"(((sin(-0.020503927) * X13) * 16.80598) + ((0.13326026 / 0.27372214) * (633.685 + X2))) [likelihood params: Float32[]]"
8,69353,4451.041,4503.9766,285.32605,433.3616,0.8189687,0.6911144,4451.041,3481.596,8.324,Inf,14,"(((sin(-0.023283036) * X13) * 19.083885) + ((0.10286842 / 0.3506792) * (1383.9783 + X6))) [likelihood params: Float32[]]"
9,80408,4438.3647,4488.5967,284.5082,427.3744,0.8194876,0.69538194,4438.3647,3433.6982,8.638,Inf,14,"(((sin(-0.023031503) * X13) * 18.87713) + ((0.093966916 / 0.3835842) * (1651.2395 + X6))) [likelihood params: Float32[]]"
10,91946,3364.2747,3439.7646,215.2121,179.25319,0.863454,0.87223434,3364.2747,1448.7285,9.556,Inf,24,"(((sin(-0.005490041) * X13) * ((-1925.3732 / (X4 - sqrt(X8))) + (76.94394 * ((6.0848136 + X1) / X1)))) + (152.99086 * log(10.461064))) [likelihood params: Float32[]]"
11,104187,3364.2747,3439.7646,215.2121,179.25319,0.863454,0.87223434,3364.2747,1448.7285,11.132,Inf,24,"(((sin(-0.005490041) * X13) * ((-1925.3732 / (X4 - sqrt(X8))) + (76.94394 * ((6.0848136 + X1) / X1)))) + (152.99086 * log(10.461064))) [likelihood params: Float32[]]"
12,117363,3356.1885,3474.405,214.69041,169.99605,0.863785,0.8788325,3356.1885,1374.6714,11.988,Inf,31,"(((sin(-0.00024854197) * X13) * ((-42706.016 / (X4 - sqrt(X8))) + ((X2 + (sin(-11509.485) + (269.09497 * 5.9432893))) * ((6.5479245 + X1) / X1)))) + (591.27527 * log(1.8555813))) [likelihood params: Float32[]]"
13,131283,3248.1016,3342.4653,207.71707,185.38705,0.8682094,0.86786234,3248.1016,1497.7994,12.95,Inf,23,"(((sin(-691.15894) * X13) * ((-247.78708 / (X4 - 69.80542)) + (38.776035 * ((7.3931336 + X1) / X1)))) + (387.96036 * log(2.479109))) [likelihood params: Float32[]]"
14,145688,3223.964,3321.0352,206.1598,185.45233,0.8691974,0.86781585,3223.964,1498.3217,14.982,Inf,23,"(((sin(-691.15894) * X13) * ((-171.27339 / (X4 - 74.28803)) + (37.61145 * ((7.519652 + X1) / X1)))) + (387.94547 * log(2.4790223))) [likelihood params: Float32[]]"
15,160450,3186.6252,3345.736,203.75085,226.80804,0.87072587,0.83833885,3186.6252,1829.1674,16.49,Inf,41,"(((X2 + 773.33356) * (X1 * 0.00021070261)) + (((sin(-4.3842785e-5) * X13) * ((-235000.11 / (X4 - sqrt(X8))) + ((X2 + (sin(70254.52) + (-2400.7085 * -87.8409))) * ((-2088.6213 + (13.262132 + 10.045973)) / -41446.254)))) + (578.23224 * log(1.8226718)))) [likelihood params: Float32[]]"
16,175868,3186.6218,3339.159,203.75063,226.84346,0.870726,0.83831364,3186.6218,1829.4507,18.962,Inf,41,"(((X2 + 773.38153) * (X1 * 0.00021070371)) + (((sin(-4.3842672e-5) * X13) * ((-235001.53 / (X4 - sqrt(X8))) + ((X2 + (sin(70255.16) + (-2400.704 * -87.84074))) * ((-2088.6177 + (13.265895 + 10.049736)) / -41446.33)))) + (578.233 * log(1.8226732)))) [likelihood params: Float32[]]"
17,192028,3136.239,3327.9465,200.50012,244.46513,0.87278837,0.8257535,3136.239,1970.4241,20.502,Inf,45,"((((16.027796 * (-664.0437 - (-466691.66 / X8))) * -0.022477973) * (X1 * 0.0030378166)) + (((sin(-4.3367374e-5) * X13) * ((-246629.83 / (X4 - sqrt(X8))) + ((X2 + (sin(75685.586) + (-2377.136 * -86.978294))) * ((-2284.533 + X11) / -41858.242)))) + (578.56195 * log(1.8232918)))) [likelihood params: Float32[]]"
18,208784,2910.9124,3106.391,185.96292,347.65988,0.8820118,0.75219977,2910.9124,2795.9822,22.484,Inf,42,"((((19.352829 * (-899.3494 - (-817039.2 / X8))) * -0.03374365) * (X1 * 0.004555788)) + (((sin(-8.27124e-6) * X13) * ((-1.7325506e6 / (X4 - sqrt(X8))) + ((X2 + (505.2137 * 1012.82336)) * ((-16955.15 + X11) / -142820.4)))) + (708.11115 * log(1.6128211)))) [likelihood params: Float32[]]"
19,225533,2909.4893,3080.4275,185.87111,344.91855,0.88207006,0.75415367,2909.4893,2774.0515,22.816,Inf,42,"((((19.35954 * (-899.31635 - (-817080.5 / X8))) * -0.03375261) * (X1 * 0.004557306)) + (((sin(-8.213207e-6) * X13) * ((-1.7455382e6 / (X4 - sqrt(X8))) + ((X2 + (497.83292 * 998.0278)) * ((-17832.17 + X11) / -144722.3)))) + (708.098 * log(1.6128083)))) [likelihood params: Float32[]]"
20,243031,2909.4893,3080.4275,185.87111,344.91855,0.88207006,0.75415367,2909.4893,2774.0515,24.094,Inf,42,"((((19.35954 * (-899.31635 - (-817080.5 / X8))) * -0.03375261) * (X1 * 0.004557306)) + (((sin(-8.213207e-6) * X13) * ((-1.7455382e6 / (X4 - sqrt(X8))) + ((X2 + (497.83292 * 998.0278)) * ((-17832.17 + X11) / -144722.3)))) + (708.098 * log(1.6128083)))) [likelihood params: Float32[]]"
21,260997,2898.6833,3074.7693,185.17395,344.61514,0.8825124,0.7543699,2898.6833,2771.6243,26.438,Inf,42,"((((19.447838 * (-898.3289 - (-817363.6 / X8))) * -0.03391569) * (X1 * 0.0045824386)) + (((sin(-8.441881e-6) * X13) * ((-1.7280959e6 / (X4 - sqrt(X8))) + ((X2 + (501.82333 * 1006.033)) * ((-16772.309 + X4) / -141226.89)))) + (707.8298 * log(1.6124836)))) [likelihood params: Float32[]]"
22,278744,2633.1038,2851.553,168.03978,277.37402,0.8933835,0.8022971,2633.1038,2233.6953,28.416,Inf,48,"(((sin(-691.16187) * X13) * ((-3768.009 / ((X3 * (((-210.04742 / sin(((22.29711 * 16.218306) * 203.77428))) * -579.9077) / ((sqrt((X10 + ((396.97363 - -261.23502) + (-60895.332 / X4)))) + (X13 / 691310.5)) * 2265.5208))) - 199.90736)) + (7.9168315 * ((16.2989 + X1) / X1)))) + 357.67706) [likelihood params: Float32[]]"
23,296577,2493.4292,2703.9885,159.02852,261.913,0.8991009,0.81331724,2493.4292,2110.007,29.288,Inf,48,"(((sin(-691.1617) * X13) * ((-3895.8782 / ((X3 * (((-218.28957 / sin(((22.29711 * 16.218306) * 203.77429))) * -602.90643) / ((sqrt((X10 + ((1258.1083 - -1122.1709) + (-210823.6 / X4)))) + (X13 / 691240.25)) * 2190.215))) - 192.10301)) + (5.1254325 * ((33.08156 + X1) / X1)))) + 348.96976) [likelihood params: Float32[]]"
24,315083,2481.22,2693.2573,158.24083,267.8518,0.8996007,0.80908424,2481.22,2157.5176,30.264,Inf,48,"(((sin(-691.1617) * X13) * ((-4075.8777 / ((X3 * (((-214.2702 / sin(((22.29711 * 16.218306) * 203.77429))) * -591.79004) / ((sqrt((X10 + ((1561.773 - -1425.8275) + (-262942.16 / X4)))) + (X13 / 691270.0)) * 2231.401))) - 182.94366)) + (2.7699642 * ((58.698223 + X1) / X1)))) + 346.23114) [likelihood params: Float32[]]"
25,333258,2473.5188,2686.2017,157.74399,272.24268,0.89991593,0.8059546,2473.5188,2192.6445,30.776,Inf,48,"(((sin(-691.1617) * X13) * ((-4174.055 / ((X3 * (((-214.03351 / sin(((22.29711 * 16.218306) * 203.77429))) * -591.22064) / ((sqrt((X10 + ((1855.4536 - -1719.5083) + (-313432.12 / X4)))) + (X13 / 691309.6)) * 2233.8008))) - 178.29501)) + (1.3862022 * ((113.86914 + X1) / X1)))) + 344.19907) [likelihood params: Float32[]]"
26,351244,2323.4685,2497.3337,148.06332,352.80475,0.906058,0.74853265,2323.4685,2837.141,31.434,Inf,47,"(((sin(-691.162) * X13) * ((-3815.2148 / ((X3 * ((((X4 + (197913.27 / X4)) - 1847.6232) * -1364.0345) / ((sqrt((X8 + 5.463172e6)) + -1728.1157) * (((-1.152029e6 / 0.531719) + (-974.1793 * -2157.718)) / -10220.13)))) - 196.31401)) + (7.601903 * ((20.42364 + -5.585905) / X1)))) + 309.38272) [likelihood params: Float32[]]"
27,369433,2323.2043,2497.067,148.04628,350.8635,0.9060688,0.7499163,2323.2043,2821.611,30.208,Inf,47,"(((sin(-691.162) * X13) * ((-3817.051 / ((X3 * ((((X4 + (246022.16 / X4)) - 2266.7373) * -1592.5059) / ((sqrt((X8 + 5.4649175e6)) + X1) * (((-1.1472059e6 / 0.5339508) + (-978.38116 * -2167.0195)) / -11934.878)))) - 195.95079)) + (7.6429873 * ((20.501774 + -5.5029564) / X1)))) + 309.83337) [likelihood params: Float32[]]"
28,387262,2297.3337,2475.6003,146.37721,354.4928,0.9071278,0.7473295,2297.3337,2850.6455,28.336,Inf,47,"(((sin(-691.162) * X13) * ((-3827.4868 / ((X3 * ((((X2 + (64241.887 / X4)) - 691.1493) * -1539.9198) / ((sqrt((X8 + 5.463166e6)) + -1745.97) * (((-1.1484656e6 / 0.5334452) + (-977.609 * -2165.734)) / -11759.765)))) - 195.2714)) + (7.3281684 * ((20.122742 + -5.89128) / X1)))) + 309.81897) [likelihood params: Float32[]]"
29,404808,2270.4182,2419.8584,144.64072,397.72946,0.9082296,0.71651185,2270.4182,3196.5388,29.504,Inf,46,"(((sin(((0.19098447 / sqrt(X8)) * -0.37880188)) * X13) * ((-3264.9392 / ((X3 * ((((X4 + -9659.339) - -9542.119) * 3978.719) / ((sqrt((X10 + X13)) + (X13 / 691315.5)) * X8))) - 16.187275)) + (-10824.525 * ((7654.279 + X1) / (421173.3 + 420984.97))))) + 305.77896) [likelihood params: Float32[]]"
30,421794,2183.4355,2344.3884,139.02893,376.90234,0.9117901,0.73135674,2183.4355,3029.9219,29.626,Inf,46,"(((sin(((0.25103885 / sqrt(X8)) * -0.4979143)) * X13) * ((-3251.8032 / ((X3 * ((((X4 + -9659.918) - -9541.54) * 1961.0295) / ((sqrt((X10 + X13)) + (X13 / 691320.9)) * X8))) - 16.310543)) + (-12286.498 * ((7400.6216 + X1) / (332207.6 + 332019.28))))) + 309.66437) [likelihood params: Float32[]]"
31,439119,2026.9419,2191.581,128.93257,339.28937,0.91819596,0.75816596,2026.9419,2729.018,29.534,Inf,46,"(((sin(((0.3702438 / sqrt(X8)) * -0.7343465)) * X13) * ((-3208.5413 / ((X3 * ((((X4 + -9660.017) - -9541.441) * 841.0013) / ((sqrt((X10 + X13)) + (X13 / 691327.75)) * X8))) - 16.55903)) + (-12946.254 * ((7489.7847 + X1) / (299022.16 + 298833.88))))) + 317.26184) [likelihood params: Float32[]]"
32,456904,2001.1234,2152.852,127.26686,324.0533,0.91925275,0.7690257,2001.1234,2607.1296,30.478,Inf,46,"(((sin(((0.42424738 / sqrt(X8)) * -0.8414258)) * X13) * ((-3189.9043 / ((X3 * ((((X4 + -9659.867) - -9541.587) * 639.93384) / ((sqrt((X10 + X13)) + (X13 / 691888.1)) * X8))) - 16.659925)) + (-13084.16 * ((7433.564 + X1) / (292739.84 + 292550.9))))) + 321.4126) [likelihood params: Float32[]]"
33,474549,2001.1207,2152.0168,127.266685,324.05243,0.9192529,0.76902634,2001.1207,2607.1226,29.894,Inf,46,"(((sin(((0.42424726 / sqrt(X8)) * -0.84142554)) * X13) * ((-3189.9043 / ((X3 * ((((X4 + -9659.867) - -9541.587) * 639.9342) / ((sqrt((X10 + X13)) + (X13 / 691888.1)) * X8))) - 16.659925)) + (-13084.161 * ((7433.564 + X1) / (292739.8 + 292550.88))))) + 321.41263) [likelihood params: Float32[]]"
34,491326,1840.0392,2011.9292,116.87433,342.82407,0.9258466,0.7556466,1840.0392,2757.2957,30.574,Inf,49,"(((sin(((0.2840626 / sqrt(X8)) * (sin(-691.1529) * X13))) * X13) * ((-3156.464 / ((X3 * ((((X4 + -9658.044) - -9543.409) * 900.0431) / ((sqrt((X10 + X13)) + (X13 / 691889.75)) * X8))) - 16.83739)) + (-13223.0 * ((7520.1035 + X1) / (286585.16 + 286396.72))))) + 258.82843) [likelihood params: Float32[]]"
35,507655,1840.0392,2011.9292,116.87433,342.82407,0.9258466,0.7556466,1840.0392,2757.2957,30.296,Inf,49,"(((sin(((0.2840626 / sqrt(X8)) * (sin(-691.1529) * X13))) * X13) * ((-3156.464 / ((X3 * ((((X4 + -9658.044) - -9543.409) * 900.0431) / ((sqrt((X10 + X13)) + (X13 / 691889.75)) * X8))) - 16.83739)) + (-13223.0 * ((7520.1035 + X1) / (286585.16 + 286396.72))))) + 258.82843) [likelihood params: Float32[]]"
36,524204,1840.0392,2011.9292,116.87433,342.82407,0.9258466,0.7556466,1840.0392,2757.2957,30.884,Inf,49,"(((sin(((0.2840626 / sqrt(X8)) * (sin(-691.1529) * X13))) * X13) * ((-3156.464 / ((X3 * ((((X4 + -9658.044) - -9543.409) * 900.0431) / ((sqrt((X10 + X13)) + (X13 / 691889.75)) * X8))) - 16.83739)) + (-13223.0 * ((7520.1035 + X1) / (286585.16 + 286396.72))))) + 258.82843) [likelihood params: Float32[]]"
37,541078,1840.0392,2011.9292,116.87433,342.82407,0.9258466,0.7556466,1840.0392,2757.2957,32.402,Inf,49,"(((sin(((0.2840626 / sqrt(X8)) * (sin(-691.1529) * X13))) * X13) * ((-3156.464 / ((X3 * ((((X4 + -9658.044) - -9543.409) * 900.0431) / ((sqrt((X10 + X13)) + (X13 / 691889.75)) * X8))) - 16.83739)) + (-13223.0 * ((7520.1035 + X1) / (286585.16 + 286396.72))))) + 258.82843) [likelihood params: Float32[]]"
38,557911,1840.0392,2011.9292,116.87433,342.82407,0.9258466,0.7556466,1840.0392,2757.2957,32.886,Inf,49,"(((sin(((0.2840626 / sqrt(X8)) * (sin(-691.1529) * X13))) * X13) * ((-3156.464 / ((X3 * ((((X4 + -9658.044) - -9543.409) * 900.0431) / ((sqrt((X10 + X13)) + (X13 / 691889.75)) * X8))) - 16.83739)) + (-13223.0 * ((7520.1035 + X1) / (286585.16 + 286396.72))))) + 258.82843) [likelihood params: Float32[]]"
39,574339,1840.0392,2011.9292,116.87433,342.82407,0.9258466,0.7556466,1840.0392,2757.2957,32.57,Inf,49,"(((sin(((0.2840626 / sqrt(X8)) * (sin(-691.1529) * X13))) * X13) * ((-3156.464 / ((X3 * ((((X4 + -9658.044) - -9543.409) * 900.0431) / ((sqrt((X10 + X13)) + (X13 / 691889.75)) * X8))) - 16.83739)) + (-13223.0 * ((7520.1035 + X1) / (286585.16 + 286396.72))))) + 258.82843) [likelihood params: Float32[]]"
40,590642,1840.0392,2011.9292,116.87433,342.82407,0.9258466,0.7556466,1840.0392,2757.2957,31.942,Inf,49,"(((sin(((0.2840626 / sqrt(X8)) * (sin(-691.1529) * X13))) * X13) * ((-3156.464 / ((X3 * ((((X4 + -9658.044) - -9543.409) * 900.0431) / ((sqrt((X10 + X13)) + (X13 / 691889.75)) * X8))) - 16.83739)) + (-13223.0 * ((7520.1035 + X1) / (286585.16 + 286396.72))))) + 258.82843) [likelihood params: Float32[]]"
41,607594,1840.0392,2011.9292,116.87433,342.82407,0.9258466,0.7556466,1840.0392,2757.2957,31.08,Inf,49,"(((sin(((0.2840626 / sqrt(X8)) * (sin(-691.1529) * X13))) * X13) * ((-3156.464 / ((X3 * ((((X4 + -9658.044) - -9543.409) * 900.0431) / ((sqrt((X10 + X13)) + (X13 / 691889.75)) * X8))) - 16.83739)) + (-13223.0 * ((7520.1035 + X1) / (286585.16 + 286396.72))))) + 258.82843) [likelihood params: Float32[]]"
42,624211,1840.0392,2011.9292,116.87433,342.82407,0.9258466,0.7556466,1840.0392,2757.2957,31.898,Inf,49,"(((sin(((0.2840626 / sqrt(X8)) * (sin(-691.1529) * X13))) * X13) * ((-3156.464 / ((X3 * ((((X4 + -9658.044) - -9543.409) * 900.0431) / ((sqrt((X10 + X13)) + (X13 / 691889.75)) * X8))) - 16.83739)) + (-13223.0 * ((7520.1035 + X1) / (286585.16 + 286396.72))))) + 258.82843) [likelihood params: Float32[]]"
43,640529,1840.0392,2011.9292,116.87433,342.82407,0.9258466,0.7556466,1840.0392,2757.2957,32.24,Inf,49,"(((sin(((0.2840626 / sqrt(X8)) * (sin(-691.1529) * X13))) * X13) * ((-3156.464 / ((X3 * ((((X4 + -9658.044) - -9543.409) * 900.0431) / ((sqrt((X10 + X13)) + (X13 / 691889.75)) * X8))) - 16.83739)) + (-13223.0 * ((7520.1035 + X1) / (286585.16 + 286396.72))))) + 258.82843) [likelihood params: Float32[]]"
44,656864,1840.0392,2011.9292,116.87433,342.82407,0.9258466,0.7556466,1840.0392,2757.2957,32.958,Inf,49,"(((sin(((0.2840626 / sqrt(X8)) * (sin(-691.1529) * X13))) * X13) * ((-3156.464 / ((X3 * ((((X4 + -9658.044) - -9543.409) * 900.0431) / ((sqrt((X10 + X13)) + (X13 / 691889.75)) * X8))) - 16.83739)) + (-13223.0 * ((7520.1035 + X1) / (286585.16 + 286396.72))))) + 258.82843) [likelihood params: Float32[]]"
45,672046,1840.0071,2017.5029,116.87226,343.1583,0.9258479,0.75540835,1840.0071,2759.9695,32.758,Inf,49,"(((sin(((0.2808993 / sqrt(X8)) * (sin(-691.1529) * X13))) * X13) * ((-3160.083 / ((X3 * ((((X4 + -9658.045) - -9543.41) * 905.0025) / ((sqrt((X10 + X13)) + (X13 / 691909.6)) * X8))) - 16.792423)) + (-13243.165 * ((7495.715 + X1) / (285140.22 + 284951.16))))) + 258.77484) [likelihood params: Float32[]]"
46,687269,1840.0071,2017.5029,116.87226,343.1583,0.9258479,0.75540835,1840.0071,2759.9695,32.924,Inf,49,"(((sin(((0.2808993 / sqrt(X8)) * (sin(-691.1529) * X13))) * X13) * ((-3160.083 / ((X3 * ((((X4 + -9658.045) - -9543.41) * 905.0025) / ((sqrt((X10 + X13)) + (X13 / 691909.6)) * X8))) - 16.792423)) + (-13243.165 * ((7495.715 + X1) / (285140.22 + 284951.16))))) + 258.77484) [likelihood params: Float32[]]"
47,702606,1840.0071,2017.5029,116.87226,343.1583,0.9258479,0.75540835,1840.0071,2759.9695,33.132,Inf,49,"(((sin(((0.2808993 / sqrt(X8)) * (sin(-691.1529) * X13))) * X13) * ((-3160.083 / ((X3 * ((((X4 + -9658.045) - -9543.41) * 905.0025) / ((sqrt((X10 + X13)) + (X13 / 691909.6)) * X8))) - 16.792423)) + (-13243.165 * ((7495.715 + X1) / (285140.22 + 284951.16))))) + 258.77484) [likelihood params: Float32[]]"
48,717258,1839.339,2022.451,116.829155,343.55722,0.9258752,0.755124,1839.339,2763.161,32.012,Inf,49,"(((sin(((0.24082138 / sqrt(X8)) * (sin(-691.1525) * X13))) * X13) * ((-3476.2644 / ((X3 * ((((X4 + -9658.017) - -9543.435) * 932.45355) / ((sqrt((X10 + X13)) + (X13 / 692134.6)) * X8))) - 15.212871)) + (-12345.289 * ((6596.715 + X1) / (309849.22 + 79254.13))))) + 258.72894) [likelihood params: Float32[]]"
49,732594,1839.2621,2012.8917,116.824196,343.49258,0.92587835,0.75517005,1839.2621,2762.6438,32.946,Inf,49,"(((sin(((0.24075224 / sqrt(X8)) * (sin(-691.1525) * X13))) * X13) * ((-3476.2354 / ((X3 * ((((X4 + -9658.016) - -9543.436) * 931.87067) / ((sqrt((X10 + X13)) + (X13 / 692134.6)) * X8))) - 15.213001)) + (-12345.389 * ((6596.745 + X1) / (309846.1 + 79251.01))))) + 258.73322) [likelihood params: Float32[]]"
50,747668,1839.2621,2012.8917,116.824196,343.49258,0.92587835,0.75517005,1839.2621,2762.6438,34.092,Inf,49,"(((sin(((0.24075224 / sqrt(X8)) * (sin(-691.1525) * X13))) * X13) * ((-3476.2354 / ((X3 * ((((X4 + -9658.016) - -9543.436) * 931.87067) / ((sqrt((X10 + X13)) + (X13 / 692134.6)) * X8))) - 15.213001)) + (-12345.389 * ((6596.745 + X1) / (309846.1 + 79251.01))))) + 258.73322) [likelihood params: Float32[]]"
51,762850,1839.2621,2012.8917,116.824196,343.49258,0.92587835,0.75517005,1839.2621,2762.6438,33.402,Inf,49,"(((sin(((0.24075224 / sqrt(X8)) * (sin(-691.1525) * X13))) * X13) * ((-3476.2354 / ((X3 * ((((X4 + -9658.016) - -9543.436) * 931.87067) / ((sqrt((X10 + X13)) + (X13 / 692134.6)) * X8))) - 15.213001)) + (-12345.389 * ((6596.745 + X1) / (309846.1 + 79251.01))))) + 258.73322) [likelihood params: Float32[]]"
52,777904,1839.2621,2012.8917,116.824196,343.49258,0.92587835,0.75517005,1839.2621,2762.6438,33.94,Inf,49,"(((sin(((0.24075224 / sqrt(X8)) * (sin(-691.1525) * X13))) * X13) * ((-3476.2354 / ((X3 * ((((X4 + -9658.016) - -9543.436) * 931.87067) / ((sqrt((X10 + X13)) + (X13 / 692134.6)) * X8))) - 15.213001)) + (-12345.389 * ((6596.745 + X1) / (309846.1 + 79251.01))))) + 258.73322) [likelihood params: Float32[]]"
53,793745,1837.7283,2017.0015,116.72524,344.4755,0.92594117,0.75446945,1837.7283,2770.507,34.546,Inf,47,"(((sin(((0.11614391 / sqrt(X8)) * (sin(-691.15216) * X13))) * X13) * ((-4806.0327 / ((X3 * ((((X4 + -9657.954) - -9543.495) * 842.0445) / ((sqrt((X10 + X13)) + (X13 / 692313.8)) * X8))) - 10.617256)) + (-10421.015 * ((5108.321 + X1) / 131553.67)))) + 258.62247) [likelihood params: Float32[]]"
54,808833,1837.5238,2011.4144,116.71205,344.36737,0.9259495,0.7545465,1837.5238,2769.642,34.27,Inf,47,"(((sin(((0.11609767 / sqrt(X8)) * (sin(-691.15216) * X13))) * X13) * ((-4805.9414 / ((X3 * ((((X4 + -9657.952) - -9543.497) * 841.28064) / ((sqrt((X10 + X13)) + (X13 / 692313.8)) * X8))) - 10.617467)) + (-10421.215 * ((5108.402 + X1) / 131551.14)))) + 258.63028) [likelihood params: Float32[]]"
55,823832,1837.5238,2011.4144,116.71205,344.36737,0.9259495,0.7545465,1837.5238,2769.642,34.57,Inf,47,"(((sin(((0.11609767 / sqrt(X8)) * (sin(-691.15216) * X13))) * X13) * ((-4805.9414 / ((X3 * ((((X4 + -9657.952) - -9543.497) * 841.28064) / ((sqrt((X10 + X13)) + (X13 / 692313.8)) * X8))) - 10.617467)) + (-10421.215 * ((5108.402 + X1) / 131551.14)))) + 258.63028) [likelihood params: Float32[]]"
56,837829,1837.4861,2014.483,116.70962,344.45966,0.92595106,0.7544808,1837.4861,2770.3804,33.72,Inf,47,"(((sin(((0.0062933313 / sqrt(X8)) * (sin(-691.18317) * X13))) * X13) * ((-4792.5854 / ((X3 * ((((X4 + -9657.951) - -9543.496) * 849.0819) / ((sqrt((X10 + X13)) + (X13 / 700328.44)) * X8))) - 10.6486025)) + (-10415.253 * ((5081.4253 + X1) / 131616.58)))) + 258.6193) [likelihood params: Float32[]]"
57,853153,1837.4775,2011.41,116.70906,344.4576,0.9259514,0.7544822,1837.4775,2770.364,33.308,Inf,47,"(((sin(((0.0062931706 / sqrt(X8)) * (sin(-691.18317) * X13))) * X13) * ((-4792.577 / ((X3 * ((((X4 + -9657.951) - -9543.496) * 849.05316) / ((sqrt((X10 + X13)) + (X13 / 700328.44)) * X8))) - 10.648622)) + (-10415.272 * ((5081.4326 + X1) / 131616.33)))) + 258.62027) [likelihood params: Float32[]]"
58,867087,1837.4775,2011.41,116.70906,344.4576,0.9259514,0.7544822,1837.4775,2770.364,33.792,Inf,47,"(((sin(((0.0062931706 / sqrt(X8)) * (sin(-691.18317) * X13))) * X13) * ((-4792.577 / ((X3 * ((((X4 + -9657.951) - -9543.496) * 849.05316) / ((sqrt((X10 + X13)) + (X13 / 700328.44)) * X8))) - 10.648622)) + (-10415.272 * ((5081.4326 + X1) / 131616.33)))) + 258.62027) [likelihood params: Float32[]]"
59,881096,1837.4775,2011.41,116.70906,344.4576,0.9259514,0.7544822,1837.4775,2770.364,34.526,Inf,47,"(((sin(((0.0062931706 / sqrt(X8)) * (sin(-691.18317) * X13))) * X13) * ((-4792.577 / ((X3 * ((((X4 + -9657.951) - -9543.496) * 849.05316) / ((sqrt((X10 + X13)) + (X13 / 700328.44)) * X8))) - 10.648622)) + (-10415.272 * ((5081.4326 + X1) / 131616.33)))) + 258.62027) [likelihood params: Float32[]]"
60,895712,1836.1577,2020.8689,116.62392,351.9268,0.9260054,0.74915844,1836.1577,2830.1174,33.512,Inf,49,"(((sin(((0.0045586843 / sqrt(X8)) * (sin(-691.1741) * X13))) * X13) * ((-6126.352 / ((X3 * ((((X4 + -9657.509) - -9543.722) * 789.0266) / ((sqrt((X10 + (-345898.3 + 346256.5))) + (X13 / 700297.44)) * X8))) - 8.558468)) + (-23896.018 * ((4034.897 + X1) / 154914.42)))) + 260.41168) [likelihood params: Float32[]]"
61,910711,1836.1519,2017.576,116.623535,351.92566,0.92600566,0.7491592,1836.1519,2830.1084,33.658,Inf,49,"(((sin(((0.0045586163 / sqrt(X8)) * (sin(-691.1741) * X13))) * X13) * ((-6126.3374 / ((X3 * ((((X4 + -9657.509) - -9543.722) * 789.033) / ((sqrt((X10 + (-345898.28 + 346256.53))) + (X13 / 700297.44)) * X8))) - 8.558488)) + (-23896.082 * ((4034.9043 + X1) / 154914.02)))) + 260.41357) [likelihood params: Float32[]]"
62,925526,1836.1519,2017.576,116.623535,351.92566,0.92600566,0.7491592,1836.1519,2830.1084,34.204,Inf,49,"(((sin(((0.0045586163 / sqrt(X8)) * (sin(-691.1741) * X13))) * X13) * ((-6126.3374 / ((X3 * ((((X4 + -9657.509) - -9543.722) * 789.033) / ((sqrt((X10 + (-345898.28 + 346256.53))) + (X13 / 700297.44)) * X8))) - 8.558488)) + (-23896.082 * ((4034.9043 + X1) / 154914.02)))) + 260.41357) [likelihood params: Float32[]]"
63,940183,1836.1519,2017.576,116.623535,351.92566,0.92600566,0.7491592,1836.1519,2830.1084,32.902,Inf,49,"(((sin(((0.0045586163 / sqrt(X8)) * (sin(-691.1741) * X13))) * X13) * ((-6126.3374 / ((X3 * ((((X4 + -9657.509) - -9543.722) * 789.033) / ((sqrt((X10 + (-345898.28 + 346256.53))) + (X13 / 700297.44)) * X8))) - 8.558488)) + (-23896.082 * ((4034.9043 + X1) / 154914.02)))) + 260.41357) [likelihood params: Float32[]]"
64,955742,1835.3497,2016.0002,116.571785,345.56476,0.9260385,0.7536931,1835.3497,2779.2212,33.482,Inf,47,"(((sin(((0.0044718897 / sqrt(X8)) * (sin(-691.17365) * X13))) * X13) * ((-6091.407 / ((X3 * ((((X4 + -9657.769) - -9543.463) * 888.87317) / ((sqrt((X10 + X13)) + (-48352.973 / 698845.94)) * X8))) - 8.607726)) + (-24058.658 * ((3919.1208 + X1) / 153865.22)))) + 258.49295) [likelihood params: Float32[]]"
65,970809,1835.3021,2011.3723,116.56871,345.62262,0.9260405,0.75365186,1835.3021,2779.684,33.488,Inf,47,"(((sin(((0.0044728 / sqrt(X8)) * (sin(-691.17365) * X13))) * X13) * ((-6091.4644 / ((X3 * ((((X4 + -9657.77) - -9543.462) * 889.41345) / ((sqrt((X10 + X13)) + (-48364.16 / 698845.2)) * X8))) - 8.607638)) + (-24058.445 * ((3919.0461 + X1) / 153866.6)))) + 258.48907) [likelihood params: Float32[]]"
66,985907,1835.3021,2011.3723,116.56871,345.62262,0.9260405,0.75365186,1835.3021,2779.684,32.554,Inf,47,"(((sin(((0.0044728 / sqrt(X8)) * (sin(-691.17365) * X13))) * X13) * ((-6091.4644 / ((X3 * ((((X4 + -9657.77) - -9543.462) * 889.41345) / ((sqrt((X10 + X13)) + (-48364.16 / 698845.2)) * X8))) - 8.607638)) + (-24058.445 * ((3919.0461 + X1) / 153866.6)))) + 258.48907) [likelihood params: Float32[]]"
67,1001635,1835.3021,2011.3723,116.56871,345.62262,0.9260405,0.75365186,1835.3021,2779.684,32.09,Inf,47,"(((sin(((0.0044728 / sqrt(X8)) * (sin(-691.17365) * X13))) * X13) * ((-6091.4644 / ((X3 * ((((X4 + -9657.77) - -9543.462) * 889.41345) / ((sqrt((X10 + X13)) + (-48364.16 / 698845.2)) * X8))) - 8.607638)) + (-24058.445 * ((3919.0461 + X1) / 153866.6)))) + 258.48907) [likelihood params: Float32[]]"
68,1017553,1835.3021,2011.3723,116.56871,345.62262,0.9260405,0.75365186,1835.3021,2779.684,33.346,Inf,47,"(((sin(((0.0044728 / sqrt(X8)) * (sin(-691.17365) * X13))) * X13) * ((-6091.4644 / ((X3 * ((((X4 + -9657.77) - -9543.462) * 889.41345) / ((sqrt((X10 + X13)) + (-48364.16 / 698845.2)) * X8))) - 8.607638)) + (-24058.445 * ((3919.0461 + X1) / 153866.6)))) + 258.48907) [likelihood params: Float32[]]"
69,1033686,1835.3021,2011.3723,116.56871,345.62262,0.9260405,0.75365186,1835.3021,2779.684,33.89,Inf,47,"(((sin(((0.0044728 / sqrt(X8)) * (sin(-691.17365) * X13))) * X13) * ((-6091.4644 / ((X3 * ((((X4 + -9657.77) - -9543.462) * 889.41345) / ((sqrt((X10 + X13)) + (-48364.16 / 698845.2)) * X8))) - 8.607638)) + (-24058.445 * ((3919.0461 + X1) / 153866.6)))) + 258.48907) [likelihood params: Float32[]]"
70,1049132,1835.3021,2011.3723,116.56871,345.62262,0.9260405,0.75365186,1835.3021,2779.684,34.146,Inf,47,"(((sin(((0.0044728 / sqrt(X8)) * (sin(-691.17365) * X13))) * X13) * ((-6091.4644 / ((X3 * ((((X4 + -9657.77) - -9543.462) * 889.41345) / ((sqrt((X10 + X13)) + (-48364.16 / 698845.2)) * X8))) - 8.607638)) + (-24058.445 * ((3919.0461 + X1) / 153866.6)))) + 258.48907) [likelihood params: Float32[]]"
71,1065112,1804.8506,1991.1855,114.604095,364.2873,0.9272869,0.7403483,1804.8506,2929.0015,33.214,Inf,47,"(((sin(((0.017997285 / sqrt(1.4087448e7)) * (sin(-691.24414) * X13))) * X13) * ((-8398.3955 / ((X3 * ((((X4 + -9657.281) - -9543.953) * 2787.3218) / ((sqrt((X10 + X13)) + (-724549.7 / 311263.8)) * X8))) - 5.925257)) + (-57519.87 * ((X13 + X1) / 62070.95)))) + 287.51328) [likelihood params: Float32[]]"
72,1081632,1733.3949,1886.1373,109.99406,333.96442,0.9302119,0.7619614,1733.3949,2686.4185,34.02,Inf,43,"(((sin(-691.9262) * X13) * (((((-187603.31 / X13) * -4913.1514) / (((565452.75 - (X13 * (((X13 / X9) + (sin((5351.9565 / X8)) * X13)) - X1))) - 1.8604098e6) + -722729.06)) + (((-175.5533 + X1) * X3) / X8)) + 0.6768142)) + 70.053635) [likelihood params: Float32[]]"
73,1098826,1717.101,1870.4219,108.94283,327.41235,0.9308789,0.7666315,1717.101,2634.002,33.606,Inf,43,"(((sin(-691.9472) * X13) * (((((-295185.25 / X13) * -7749.2847) / (((243340.83 - (X13 * (((X13 / X9) + (sin((5323.245 / X8)) * X13)) - X1))) - 2.1843615e6) + -1.0467864e6)) + (((-173.66315 + X1) * X3) / X8)) + 0.68312097)) + -154.8266) [likelihood params: Float32[]]"
74,1115994,1694.8038,1846.2026,107.50431,321.51984,0.93179154,0.77083147,1694.8038,2586.8618,33.93,Inf,43,"(((sin(-691.9642) * X13) * (((((-507369.0 / X13) * -13322.569) / (((-389096.25 - (X13 * (((X13 / X9) + (sin((5299.5596 / X8)) * X13)) - X1))) - 2.8174652e6) + -1.6799386e6)) + (((-172.16512 + X1) * X3) / X8)) + 0.68905324)) + -611.8303) [likelihood params: Float32[]]"
75,1132463,1659.6041,1833.1755,105.23336,441.39325,0.9332324,0.68538976,1659.6041,3545.849,33.428,Inf,43,"(((sin(-691.65466) * X13) * (((((-196343.5 / X13) * -6850.91) / (((678557.75 - (X13 * (((X13 / X9) + (sqrt((-34235.656 + 34235.734)) * X13)) - X8))) - 1.7473119e6) + -609631.3)) + (((-226.22322 + X1) * X3) / X8)) + 1.1271917)) + -46.101406) [likelihood params: Float32[]]"
76,1148662,1659.6041,1833.1755,105.23336,441.39325,0.9332324,0.68538976,1659.6041,3545.849,33.636,Inf,43,"(((sin(-691.65466) * X13) * (((((-196343.5 / X13) * -6850.91) / (((678557.75 - (X13 * (((X13 / X9) + (sqrt((-34235.656 + 34235.734)) * X13)) - X8))) - 1.7473119e6) + -609631.3)) + (((-226.22322 + X1) * X3) / X8)) + 1.1271917)) + -46.101406) [likelihood params: Float32[]]"
77,1165420,1659.6041,1833.1755,105.23336,441.39325,0.9332324,0.68538976,1659.6041,3545.849,33.312,Inf,43,"(((sin(-691.65466) * X13) * (((((-196343.5 / X13) * -6850.91) / (((678557.75 - (X13 * (((X13 / X9) + (sqrt((-34235.656 + 34235.734)) * X13)) - X8))) - 1.7473119e6) + -609631.3)) + (((-226.22322 + X1) * X3) / X8)) + 1.1271917)) + -46.101406) [likelihood params: Float32[]]"
78,1182112,1659.6041,1833.1755,105.23336,441.39325,0.9332324,0.68538976,1659.6041,3545.849,32.94,Inf,43,"(((sin(-691.65466) * X13) * (((((-196343.5 / X13) * -6850.91) / (((678557.75 - (X13 * (((X13 / X9) + (sqrt((-34235.656 + 34235.734)) * X13)) - X8))) - 1.7473119e6) + -609631.3)) + (((-226.22322 + X1) * X3) / X8)) + 1.1271917)) + -46.101406) [likelihood params: Float32[]]"
79,1198786,1659.6041,1833.1755,105.23336,441.39325,0.9332324,0.68538976,1659.6041,3545.849,33.226,Inf,43,"(((sin(-691.65466) * X13) * (((((-196343.5 / X13) * -6850.91) / (((678557.75 - (X13 * (((X13 / X9) + (sqrt((-34235.656 + 34235.734)) * X13)) - X8))) - 1.7473119e6) + -609631.3)) + (((-226.22322 + X1) * X3) / X8)) + 1.1271917)) + -46.101406) [likelihood params: Float32[]]"
80,1215131,1659.6041,1833.1755,105.23336,441.39325,0.9332324,0.68538976,1659.6041,3545.849,33.41,Inf,43,"(((sin(-691.65466) * X13) * (((((-196343.5 / X13) * -6850.91) / (((678557.75 - (X13 * (((X13 / X9) + (sqrt((-34235.656 + 34235.734)) * X13)) - X8))) - 1.7473119e6) + -609631.3)) + (((-226.22322 + X1) * X3) / X8)) + 1.1271917)) + -46.101406) [likelihood params: Float32[]]"
81,1230844,1627.7517,1796.5479,103.17837,446.62024,0.9345363,0.6816641,1627.7517,3587.665,32.82,Inf,43,"(((sin(-691.81586) * X13) * (((((-185217.17 / X13) * -6463.2183) / (((664283.25 - (X13 * (((X13 / X9) + (sqrt((-34235.55 + 34235.676)) * X13)) - X8))) - 1.7616024e6) + -623958.9)) + (((-199.52248 + X1) * X3) / X8)) + 0.83512986)) + -103.67397) [likelihood params: Float32[]]"
82,1246555,1627.5746,1796.871,103.16694,446.7105,0.9345435,0.6815998,1627.5746,3588.3872,33.564,Inf,43,"(((sin(-691.81586) * X13) * (((((-185212.45 / X13) * -6463.0537) / (((664248.0 - (X13 * (((X13 / X9) + (sqrt((-34235.55 + 34235.676)) * X13)) - X8))) - 1.7616378e6) + -623994.1)) + (((-199.54594 + X1) * X3) / X8)) + 0.8351817)) + -103.68756) [likelihood params: Float32[]]"
83,1262472,1331.2379,1472.4508,84.04844,567.96063,0.94667363,0.5951768,1331.2379,4558.388,33.354,Inf,40,"(((sin(-691.8103) * X13) * ((((X13 + -26537.033) / ((((X10 - X13) - ((-51.509235 + X1) * (2529.8997 + (-82703.98 / X10)))) - (X2 / 2.0186446e7)) + -223589.75)) + (((-131.07106 + X1) * X3) / X8)) + 0.44342437)) + 369.24393) [likelihood params: Float32[]]"
84,1278222,1301.6732,1446.3894,82.141045,599.0376,0.94788384,0.5730262,1301.6732,4807.004,32.474,Inf,40,"(((sin(-692.03516) * X13) * ((((X13 + -21823.793) / ((((X10 - X13) - ((-51.80165 + X1) * (3417.7039 + (-107651.83 / X10)))) - (X2 / 2.0186446e7)) + -250244.3)) + (((-124.06813 + X1) * X3) / X8)) + 0.35393745)) + 366.99225) [likelihood params: Float32[]]"
85,1294783,1299.3518,1461.8263,81.99127,595.98474,0.94797885,0.57520217,1299.3518,4782.581,32.91,Inf,40,"(((sin(-692.07135) * X13) * ((((X13 + -2.3261188e7) / ((((X10 - X13) - ((-51.778885 + X1) * (3.661761e6 + (-1.1510744e8 / X10)))) - (X2 / 2.0186446e7)) + -2.7476854e8)) + (((-123.369064 + X1) * X3) / X8)) + 0.33997554)) + 366.0305) [likelihood params: Float32[]]"
86,1311619,1299.3518,1461.8263,81.99127,595.98474,0.94797885,0.57520217,1299.3518,4782.581,31.982,Inf,40,"(((sin(-692.07135) * X13) * ((((X13 + -2.3261188e7) / ((((X10 - X13) - ((-51.778885 + X1) * (3.661761e6 + (-1.1510744e8 / X10)))) - (X2 / 2.0186446e7)) + -2.7476854e8)) + (((-123.369064 + X1) * X3) / X8)) + 0.33997554)) + 366.0305) [likelihood params: Float32[]]"
87,1328468,1299.3518,1461.8263,81.99127,595.98474,0.94797885,0.57520217,1299.3518,4782.581,32.394,Inf,40,"(((sin(-692.07135) * X13) * ((((X13 + -2.3261188e7) / ((((X10 - X13) - ((-51.778885 + X1) * (3.661761e6 + (-1.1510744e8 / X10)))) - (X2 / 2.0186446e7)) + -2.7476854e8)) + (((-123.369064 + X1) * X3) / X8)) + 0.33997554)) + 366.0305) [likelihood params: Float32[]]"
88,1344654,1299.3518,1461.8263,81.99127,595.98474,0.94797885,0.57520217,1299.3518,4782.581,31.356,Inf,40,"(((sin(-692.07135) * X13) * ((((X13 + -2.3261188e7) / ((((X10 - X13) - ((-51.778885 + X1) * (3.661761e6 + (-1.1510744e8 / X10)))) - (X2 / 2.0186446e7)) + -2.7476854e8)) + (((-123.369064 + X1) * X3) / X8)) + 0.33997554)) + 366.0305) [likelihood params: Float32[]]"
89,1360414,1257.9714,1436.9509,79.32157,1155.9192,0.9496727,0.17609972,1257.9714,9262.057,32.522,Inf,44,"(((sin(-692.02124) * X13) * ((((X13 + -1.3254742e7) / ((((X10 - (-799177.5 * (X9 - -85.79063))) - ((-52.05895 + X1) * (3.7513502e6 + (-1.1703322e8 / X10)))) - (X2 / 2.0186446e7)) + -2.7477152e8)) + (((-121.84125 + X1) * X3) / X8)) + 0.36428198)) + 364.69675) [likelihood params: Float32[]]"
90,1376746,1257.9705,1437.5446,79.32151,1155.9436,0.94967276,0.17608231,1257.9705,9262.252,32.534,Inf,44,"(((sin(-692.02124) * X13) * ((((X13 + -1.3254742e7) / ((((X10 - (-799177.5 * (X9 - -85.7915))) - ((-52.05895 + X1) * (3.7513502e6 + (-1.1703322e8 / X10)))) - (X2 / 2.0186446e7)) + -2.7477152e8)) + (((-121.84145 + X1) * X3) / X8)) + 0.36428192)) + 364.69678) [likelihood params: Float32[]]"
91,1391707,1257.9705,1437.5446,79.32151,1155.9436,0.94967276,0.17608231,1257.9705,9262.252,33.202,Inf,44,"(((sin(-692.02124) * X13) * ((((X13 + -1.3254742e7) / ((((X10 - (-799177.5 * (X9 - -85.7915))) - ((-52.05895 + X1) * (3.7513502e6 + (-1.1703322e8 / X10)))) - (X2 / 2.0186446e7)) + -2.7477152e8)) + (((-121.84145 + X1) * X3) / X8)) + 0.36428192)) + 364.69678) [likelihood params: Float32[]]"
92,1407959,1257.9705,1437.5446,79.32151,1155.9436,0.94967276,0.17608231,1257.9705,9262.252,32.08,Inf,44,"(((sin(-692.02124) * X13) * ((((X13 + -1.3254742e7) / ((((X10 - (-799177.5 * (X9 - -85.7915))) - ((-52.05895 + X1) * (3.7513502e6 + (-1.1703322e8 / X10)))) - (X2 / 2.0186446e7)) + -2.7477152e8)) + (((-121.84145 + X1) * X3) / X8)) + 0.36428192)) + 364.69678) [likelihood params: Float32[]]"
93,1422979,1227.2849,1414.6543,77.3418,549.59625,0.9509288,0.6082663,1227.2849,4411.473,33.598,Inf,44,"(((sin(-692.0996) * X13) * ((((X13 + -2.2117428e7) / ((((X10 - (-754245.0 * (0.3408524 * X13))) - ((-49.48106 + X1) * (867858.06 + (-3.0385702e7 / X10)))) - (X2 / 2.0186446e7)) + -2.9933206e8)) + (((-126.31691 + X1) * X3) / X8)) + 0.18649262)) + 328.29437) [likelihood params: Float32[]]"
94,1437503,1213.9408,1409.1154,76.48089,564.6801,0.951475,0.59751505,1213.9408,4532.144,33.834,Inf,44,"(((sin(-692.29364) * X13) * ((((X13 + -5.3041644e7) / ((((X10 - (-675015.25 * (0.29457963 * X13))) - ((-48.500404 + X1) * (430844.22 + (-1.5767686e7 / X10)))) - (X2 / 2.0186446e7)) + -2.9673766e8)) + (((-122.432755 + X1) * X3) / X8)) + -0.040614076)) + 304.01508) [likelihood params: Float32[]]"
95,1452799,1207.2557,1401.385,76.04959,571.97614,0.95174867,0.5923147,1207.2557,4590.512,33.38,Inf,44,"(((sin(-692.3924) * X13) * ((((X13 + -7.701435e7) / ((((X10 - (-572230.94 * (0.2952319 * X13))) - ((-48.32914 + X1) * (322592.22 + (-1.1881571e7 / X10)))) - (X2 / 2.0186446e7)) + -2.917227e8)) + (((-120.982895 + X1) * X3) / X8)) + -0.17406668)) + 293.60458) [likelihood params: Float32[]]"
96,1467813,1207.2548,1403.2424,76.04953,571.9709,0.9517487,0.5923184,1207.2548,4590.47,31.848,Inf,44,"(((sin(-692.3924) * X13) * ((((X13 + -7.701435e7) / ((((X10 - (-572231.44 * (0.2952322 * X13))) - ((-48.329147 + X1) * (322592.1 + (-1.1881571e7 / X10)))) - (X2 / 2.0186446e7)) + -2.917227e8)) + (((-120.98279 + X1) * X3) / X8)) + -0.1740665)) + 293.6045) [likelihood params: Float32[]]"
97,1482800,1207.2548,1403.2424,76.04953,571.9709,0.9517487,0.5923184,1207.2548,4590.47,32.16,Inf,44,"(((sin(-692.3924) * X13) * ((((X13 + -7.701435e7) / ((((X10 - (-572231.44 * (0.2952322 * X13))) - ((-48.329147 + X1) * (322592.1 + (-1.1881571e7 / X10)))) - (X2 / 2.0186446e7)) + -2.917227e8)) + (((-120.98279 + X1) * X3) / X8)) + -0.1740665)) + 293.6045) [likelihood params: Float32[]]"
98,1498305,1207.2548,1403.2424,76.04953,571.9709,0.9517487,0.5923184,1207.2548,4590.47,33.736,Inf,44,"(((sin(-692.3924) * X13) * ((((X13 + -7.701435e7) / ((((X10 - (-572231.44 * (0.2952322 * X13))) - ((-48.329147 + X1) * (322592.1 + (-1.1881571e7 / X10)))) - (X2 / 2.0186446e7)) + -2.917227e8)) + (((-120.98279 + X1) * X3) / X8)) + -0.1740665)) + 293.6045) [likelihood params: Float32[]]"
99,1513891,1207.2548,1403.2424,76.04953,571.9709,0.9517487,0.5923184,1207.2548,4590.47,32.868,Inf,44,"(((sin(-692.3924) * X13) * ((((X13 + -7.701435e7) / ((((X10 - (-572231.44 * (0.2952322 * X13))) - ((-48.329147 + X1) * (322592.1 + (-1.1881571e7 / X10)))) - (X2 / 2.0186446e7)) + -2.917227e8)) + (((-120.98279 + X1) * X3) / X8)) + -0.1740665)) + 293.6045) [likelihood params: Float32[]]"
100,1529473,1207.2548,1403.2424,76.04953,571.9709,0.9517487,0.5923184,1207.2548,4590.47,33.262,Inf,44,"(((sin(-692.3924) * X13) * ((((X13 + -7.701435e7) / ((((X10 - (-572231.44 * (0.2952322 * X13))) - ((-48.329147 + X1) * (322592.1 + (-1.1881571e7 / X10)))) - (X2 / 2.0186446e7)) + -2.917227e8)) + (((-120.98279 + X1) * X3) / X8)) + -0.1740665)) + 293.6045) [likelihood params: Float32[]]"
101,1544276,1207.2548,1403.2424,76.04953,571.9709,0.9517487,0.5923184,1207.2548,4590.47,32.99,Inf,44,"(((sin(-692.3924) * X13) * ((((X13 + -7.701435e7) / ((((X10 - (-572231.44 * (0.2952322 * X13))) - ((-48.329147 + X1) * (322592.1 + (-1.1881571e7 / X10)))) - (X2 / 2.0186446e7)) + -2.917227e8)) + (((-120.98279 + X1) * X3) / X8)) + -0.1740665)) + 293.6045) [likelihood params: Float32[]]"
102,1559463,1207.2548,1403.2424,76.04953,571.9709,0.9517487,0.5923184,1207.2548,4590.47,33.542,Inf,44,"(((sin(-692.3924) * X13) * ((((X13 + -7.701435e7) / ((((X10 - (-572231.44 * (0.2952322 * X13))) - ((-48.329147 + X1) * (322592.1 + (-1.1881571e7 / X10)))) - (X2 / 2.0186446e7)) + -2.917227e8)) + (((-120.98279 + X1) * X3) / X8)) + -0.1740665)) + 293.6045) [likelihood params: Float32[]]"
103,1575203,1207.2548,1403.2424,76.04953,571.9709,0.9517487,0.5923184,1207.2548,4590.47,34.362,Inf,44,"(((sin(-692.3924) * X13) * ((((X13 + -7.701435e7) / ((((X10 - (-572231.44 * (0.2952322 * X13))) - ((-48.329147 + X1) * (322592.1 + (-1.1881571e7 / X10)))) - (X2 / 2.0186446e7)) + -2.917227e8)) + (((-120.98279 + X1) * X3) / X8)) + -0.1740665)) + 293.6045) [likelihood params: Float32[]]"
104,1589542,1207.2548,1403.2424,76.04953,571.9709,0.9517487,0.5923184,1207.2548,4590.47,34.304,Inf,44,"(((sin(-692.3924) * X13) * ((((X13 + -7.701435e7) / ((((X10 - (-572231.44 * (0.2952322 * X13))) - ((-48.329147 + X1) * (322592.1 + (-1.1881571e7 / X10)))) - (X2 / 2.0186446e7)) + -2.917227e8)) + (((-120.98279 + X1) * X3) / X8)) + -0.1740665)) + 293.6045) [likelihood params: Float32[]]"
105,1604313,1207.2548,1403.2424,76.04953,571.9709,0.9517487,0.5923184,1207.2548,4590.47,34.184,Inf,44,"(((sin(-692.3924) * X13) * ((((X13 + -7.701435e7) / ((((X10 - (-572231.44 * (0.2952322 * X13))) - ((-48.329147 + X1) * (322592.1 + (-1.1881571e7 / X10)))) - (X2 / 2.0186446e7)) + -2.917227e8)) + (((-120.98279 + X1) * X3) / X8)) + -0.1740665)) + 293.6045) [likelihood params: Float32[]]"
106,1619001,1207.2535,1396.7852,76.04945,571.9506,0.9517488,0.59233284,1207.2535,4590.308,34.464,Inf,45,"(((sin(-692.3924) * X13) * ((((sin(-682.78375) + -7.701435e7) / ((((X10 - (-572231.44 * (0.2952322 * X13))) - ((-48.329147 + X1) * (322592.1 + (-1.1881571e7 / X10)))) - (X2 / 2.0186446e7)) + -2.917227e8)) + (((-120.98279 + X1) * X3) / X8)) + -0.1740665)) + 293.6045) [likelihood params: Float32[]]"
107,1633911,1207.2535,1396.7852,76.04945,571.9506,0.9517488,0.59233284,1207.2535,4590.308,33.588,Inf,45,"(((sin(-692.3924) * X13) * ((((sin(-682.78375) + -7.701435e7) / ((((X10 - (-572231.44 * (0.2952322 * X13))) - ((-48.329147 + X1) * (322592.1 + (-1.1881571e7 / X10)))) - (X2 / 2.0186446e7)) + -2.917227e8)) + (((-120.98279 + X1) * X3) / X8)) + -0.1740665)) + 293.6045) [likelihood params: Float32[]]"
108,1648461,1207.2535,1396.7852,76.04945,571.9506,0.9517488,0.59233284,1207.2535,4590.308,33.664,Inf,45,"(((sin(-692.3924) * X13) * ((((sin(-682.78375) + -7.701435e7) / ((((X10 - (-572231.44 * (0.2952322 * X13))) - ((-48.329147 + X1) * (322592.1 + (-1.1881571e7 / X10)))) - (X2 / 2.0186446e7)) + -2.917227e8)) + (((-120.98279 + X1) * X3) / X8)) + -0.1740665)) + 293.6045) [likelihood params: Float32[]]"
109,1662113,1207.2535,1396.7852,76.04945,571.9506,0.9517488,0.59233284,1207.2535,4590.308,33.816,Inf,45,"(((sin(-692.3924) * X13) * ((((sin(-682.78375) + -7.701435e7) / ((((X10 - (-572231.44 * (0.2952322 * X13))) - ((-48.329147 + X1) * (322592.1 + (-1.1881571e7 / X10)))) - (X2 / 2.0186446e7)) + -2.917227e8)) + (((-120.98279 + X1) * X3) / X8)) + -0.1740665)) + 293.6045) [likelihood params: Float32[]]"
110,1676155,1207.2535,1396.7852,76.04945,571.9506,0.9517488,0.59233284,1207.2535,4590.308,34.078,Inf,45,"(((sin(-692.3924) * X13) * ((((sin(-682.78375) + -7.701435e7) / ((((X10 - (-572231.44 * (0.2952322 * X13))) - ((-48.329147 + X1) * (322592.1 + (-1.1881571e7 / X10)))) - (X2 / 2.0186446e7)) + -2.917227e8)) + (((-120.98279 + X1) * X3) / X8)) + -0.1740665)) + 293.6045) [likelihood params: Float32[]]"
111,1689801,1207.2535,1396.7852,76.04945,571.9506,0.9517488,0.59233284,1207.2535,4590.308,34.472,Inf,45,"(((sin(-692.3924) * X13) * ((((sin(-682.78375) + -7.701435e7) / ((((X10 - (-572231.44 * (0.2952322 * X13))) - ((-48.329147 + X1) * (322592.1 + (-1.1881571e7 / X10)))) - (X2 / 2.0186446e7)) + -2.917227e8)) + (((-120.98279 + X1) * X3) / X8)) + -0.1740665)) + 293.6045) [likelihood params: Float32[]]"
112,1702942,1207.2535,1396.7852,76.04945,571.9506,0.9517488,0.59233284,1207.2535,4590.308,34.186,Inf,45,"(((sin(-692.3924) * X13) * ((((sin(-682.78375) + -7.701435e7) / ((((X10 - (-572231.44 * (0.2952322 * X13))) - ((-48.329147 + X1) * (322592.1 + (-1.1881571e7 / X10)))) - (X2 / 2.0186446e7)) + -2.917227e8)) + (((-120.98279 + X1) * X3) / X8)) + -0.1740665)) + 293.6045) [likelihood params: Float32[]]"
113,1717357,1207.2535,1396.7852,76.04945,571.9506,0.9517488,0.59233284,1207.2535,4590.308,33.614,Inf,45,"(((sin(-692.3924) * X13) * ((((sin(-682.78375) + -7.701435e7) / ((((X10 - (-572231.44 * (0.2952322 * X13))) - ((-48.329147 + X1) * (322592.1 + (-1.1881571e7 / X10)))) - (X2 / 2.0186446e7)) + -2.917227e8)) + (((-120.98279 + X1) * X3) / X8)) + -0.1740665)) + 293.6045) [likelihood params: Float32[]]"
114,1730841,1207.2535,1396.7852,76.04945,571.9506,0.9517488,0.59233284,1207.2535,4590.308,32.954,Inf,45,"(((sin(-692.3924) * X13) * ((((sin(-682.78375) + -7.701435e7) / ((((X10 - (-572231.44 * (0.2952322 * X13))) - ((-48.329147 + X1) * (322592.1 + (-1.1881571e7 / X10)))) - (X2 / 2.0186446e7)) + -2.917227e8)) + (((-120.98279 + X1) * X3) / X8)) + -0.1740665)) + 293.6045) [likelihood params: Float32[]]"
115,1744014,1207.2535,1396.7852,76.04945,571.9506,0.9517488,0.59233284,1207.2535,4590.308,33.15,Inf,45,"(((sin(-692.3924) * X13) * ((((sin(-682.78375) + -7.701435e7) / ((((X10 - (-572231.44 * (0.2952322 * X13))) - ((-48.329147 + X1) * (322592.1 + (-1.1881571e7 / X10)))) - (X2 / 2.0186446e7)) + -2.917227e8)) + (((-120.98279 + X1) * X3) / X8)) + -0.1740665)) + 293.6045) [likelihood params: Float32[]]"
116,1758137,1207.2535,1396.7852,76.04945,571.9506,0.9517488,0.59233284,1207.2535,4590.308,33.294,Inf,45,"(((sin(-692.3924) * X13) * ((((sin(-682.78375) + -7.701435e7) / ((((X10 - (-572231.44 * (0.2952322 * X13))) - ((-48.329147 + X1) * (322592.1 + (-1.1881571e7 / X10)))) - (X2 / 2.0186446e7)) + -2.917227e8)) + (((-120.98279 + X1) * X3) / X8)) + -0.1740665)) + 293.6045) [likelihood params: Float32[]]"
117,1771981,1207.2535,1396.7852,76.04945,571.9506,0.9517488,0.59233284,1207.2535,4590.308,33.072,Inf,45,"(((sin(-692.3924) * X13) * ((((sin(-682.78375) + -7.701435e7) / ((((X10 - (-572231.44 * (0.2952322 * X13))) - ((-48.329147 + X1) * (322592.1 + (-1.1881571e7 / X10)))) - (X2 / 2.0186446e7)) + -2.917227e8)) + (((-120.98279 + X1) * X3) / X8)) + -0.1740665)) + 293.6045) [likelihood params: Float32[]]"
118,1784806,1207.2535,1396.7852,76.04945,571.9506,0.9517488,0.59233284,1207.2535,4590.308,34.554,Inf,45,"(((sin(-692.3924) * X13) * ((((sin(-682.78375) + -7.701435e7) / ((((X10 - (-572231.44 * (0.2952322 * X13))) - ((-48.329147 + X1) * (322592.1 + (-1.1881571e7 / X10)))) - (X2 / 2.0186446e7)) + -2.917227e8)) + (((-120.98279 + X1) * X3) / X8)) + -0.1740665)) + 293.6045) [likelihood params: Float32[]]"
119,1798158,1207.2535,1396.7852,76.04945,571.9506,0.9517488,0.59233284,1207.2535,4590.308,34.812,Inf,45,"(((sin(-692.3924) * X13) * ((((sin(-682.78375) + -7.701435e7) / ((((X10 - (-572231.44 * (0.2952322 * X13))) - ((-48.329147 + X1) * (322592.1 + (-1.1881571e7 / X10)))) - (X2 / 2.0186446e7)) + -2.917227e8)) + (((-120.98279 + X1) * X3) / X8)) + -0.1740665)) + 293.6045) [likelihood params: Float32[]]"
120,1811346,1207.2535,1396.7852,76.04945,571.9506,0.9517488,0.59233284,1207.2535,4590.308,34.462,Inf,45,"(((sin(-692.3924) * X13) * ((((sin(-682.78375) + -7.701435e7) / ((((X10 - (-572231.44 * (0.2952322 * X13))) - ((-48.329147 + X1) * (322592.1 + (-1.1881571e7 / X10)))) - (X2 / 2.0186446e7)) + -2.917227e8)) + (((-120.98279 + X1) * X3) / X8)) + -0.1740665)) + 293.6045) [likelihood params: Float32[]]"
121,1825008,1207.2535,1396.7852,76.04945,571.9506,0.9517488,0.59233284,1207.2535,4590.308,34.526,Inf,45,"(((sin(-692.3924) * X13) * ((((sin(-682.78375) + -7.701435e7) / ((((X10 - (-572231.44 * (0.2952322 * X13))) - ((-48.329147 + X1) * (322592.1 + (-1.1881571e7 / X10)))) - (X2 / 2.0186446e7)) + -2.917227e8)) + (((-120.98279 + X1) * X3) / X8)) + -0.1740665)) + 293.6045) [likelihood params: Float32[]]"
122,1838912,1207.2535,1396.7852,76.04945,571.9506,0.9517488,0.59233284,1207.2535,4590.308,32.91,Inf,45,"(((sin(-692.3924) * X13) * ((((sin(-682.78375) + -7.701435e7) / ((((X10 - (-572231.44 * (0.2952322 * X13))) - ((-48.329147 + X1) * (322592.1 + (-1.1881571e7 / X10)))) - (X2 / 2.0186446e7)) + -2.917227e8)) + (((-120.98279 + X1) * X3) / X8)) + -0.1740665)) + 293.6045) [likelihood params: Float32[]]"
123,1852435,1207.2535,1396.7852,76.04945,571.9506,0.9517488,0.59233284,1207.2535,4590.308,33.47,Inf,45,"(((sin(-692.3924) * X13) * ((((sin(-682.78375) + -7.701435e7) / ((((X10 - (-572231.44 * (0.2952322 * X13))) - ((-48.329147 + X1) * (322592.1 + (-1.1881571e7 / X10)))) - (X2 / 2.0186446e7)) + -2.917227e8)) + (((-120.98279 + X1) * X3) / X8)) + -0.1740665)) + 293.6045) [likelihood params: Float32[]]"
124,1866358,1207.2535,1396.7852,76.04945,571.9506,0.9517488,0.59233284,1207.2535,4590.308,34.388,Inf,45,"(((sin(-692.3924) * X13) * ((((sin(-682.78375) + -7.701435e7) / ((((X10 - (-572231.44 * (0.2952322 * X13))) - ((-48.329147 + X1) * (322592.1 + (-1.1881571e7 / X10)))) - (X2 / 2.0186446e7)) + -2.917227e8)) + (((-120.98279 + X1) * X3) / X8)) + -0.1740665)) + 293.6045) [likelihood params: Float32[]]"
125,1880083,1207.2535,1396.7852,76.04945,571.9506,0.9517488,0.59233284,1207.2535,4590.308,33.204,Inf,45,"(((sin(-692.3924) * X13) * ((((sin(-682.78375) + -7.701435e7) / ((((X10 - (-572231.44 * (0.2952322 * X13))) - ((-48.329147 + X1) * (322592.1 + (-1.1881571e7 / X10)))) - (X2 / 2.0186446e7)) + -2.917227e8)) + (((-120.98279 + X1) * X3) / X8)) + -0.1740665)) + 293.6045) [likelihood params: Float32[]]"
126,1893370,1207.2535,1396.7852,76.04945,571.9506,0.9517488,0.59233284,1207.2535,4590.308,33.054,Inf,45,"(((sin(-692.3924) * X13) * ((((sin(-682.78375) + -7.701435e7) / ((((X10 - (-572231.44 * (0.2952322 * X13))) - ((-48.329147 + X1) * (322592.1 + (-1.1881571e7 / X10)))) - (X2 / 2.0186446e7)) + -2.917227e8)) + (((-120.98279 + X1) * X3) / X8)) + -0.1740665)) + 293.6045) [likelihood params: Float32[]]"
127,1906951,1190.3693,1405.6573,74.960144,588.7226,0.9524399,0.58037835,1190.3693,4724.484,32.898,Inf,49,"(((sin(-692.595) * X13) * (((((X8 * (X5 * log(2.2656978e7))) + -9.003242e7) / ((((X10 - (-567068.9 * (0.27800763 * X13))) - ((-48.311913 + X1) * (254688.17 + (-9.770831e6 / X10)))) - (X2 / 2.0186446e7)) + -2.8500563e8)) + (((-120.28032 + X1) * X3) / X8)) + -0.25942966)) + 285.4486) [likelihood params: Float32[]]"
128,1920360,1188.5125,1386.223,74.84035,590.1185,0.9525159,0.5793834,1188.5125,4735.6514,32.462,Inf,49,"(((sin(-692.7231) * X13) * (((((X8 * (X5 * log(2.4235082e7))) + -9.785127e7) / ((((X10 - (-542925.5 * (0.27325693 * X13))) - ((-48.300518 + X1) * (233720.31 + (-8.976881e6 / X10)))) - (X2 / 2.0186446e7)) + -2.802489e8)) + (((-119.96743 + X1) * X3) / X8)) + -0.30407602)) + 282.83286) [likelihood params: Float32[]]"
129,1933558,1188.4994,1401.8645,74.83951,589.71295,0.95251644,0.57967246,1188.4994,4732.4067,32.426,Inf,49,"(((sin(-692.7193) * X13) * (((((X8 * (X5 * log(2.4235082e7))) + -9.785127e7) / ((((X10 - (-542958.75 * (0.27327368 * X13))) - ((-48.299072 + X1) * (233708.56 + (-8.976881e6 / X10)))) - (X2 / 2.0186446e7)) + -2.802489e8)) + (((-119.96935 + X1) * X3) / X8)) + -0.3040651)) + 282.82797) [likelihood params: Float32[]]"
130,1946793,1188.4994,1401.8645,74.83951,589.71295,0.95251644,0.57967246,1188.4994,4732.4067,32.47,Inf,49,"(((sin(-692.7193) * X13) * (((((X8 * (X5 * log(2.4235082e7))) + -9.785127e7) / ((((X10 - (-542958.75 * (0.27327368 * X13))) - ((-48.299072 + X1) * (233708.56 + (-8.976881e6 / X10)))) - (X2 / 2.0186446e7)) + -2.802489e8)) + (((-119.96935 + X1) * X3) / X8)) + -0.3040651)) + 282.82797) [likelihood params: Float32[]]"
131,1959450,1188.4437,1398.489,74.835915,590.04443,0.95251876,0.5794362,1188.4437,4735.0586,33.29,Inf,49,"(((sin(-541.92694) * X13) * (((((X8 * (X5 * log(2.4237676e7))) + -9.787989e7) / ((((X10 - (-466769.1 * (0.3168299 * X13))) - ((-48.302807 + X1) * (233028.75 + (-8.95305e6 / X10)))) - (-539085.06 - X1)) + -2.8022976e8)) + (((-119.96499 + X1) * X3) / X8)) + -0.3048826)) + 282.84546) [likelihood params: Float32[]]"
132,1972631,1188.4437,1398.489,74.835915,590.04443,0.95251876,0.5794362,1188.4437,4735.0586,33.6,Inf,49,"(((sin(-541.92694) * X13) * (((((X8 * (X5 * log(2.4237676e7))) + -9.787989e7) / ((((X10 - (-466769.1 * (0.3168299 * X13))) - ((-48.302807 + X1) * (233028.75 + (-8.95305e6 / X10)))) - (-539085.06 - X1)) + -2.8022976e8)) + (((-119.96499 + X1) * X3) / X8)) + -0.3048826)) + 282.84546) [likelihood params: Float32[]]"
133,1986782,1188.4437,1398.489,74.835915,590.04443,0.95251876,0.5794362,1188.4437,4735.0586,33.1,Inf,49,"(((sin(-541.92694) * X13) * (((((X8 * (X5 * log(2.4237676e7))) + -9.787989e7) / ((((X10 - (-466769.1 * (0.3168299 * X13))) - ((-48.302807 + X1) * (233028.75 + (-8.95305e6 / X10)))) - (-539085.06 - X1)) + -2.8022976e8)) + (((-119.96499 + X1) * X3) / X8)) + -0.3048826)) + 282.84546) [likelihood params: Float32[]]"
134,2001019,1188.4437,1398.489,74.835915,590.04443,0.95251876,0.5794362,1188.4437,4735.0586,31.97,Inf,49,"(((sin(-541.92694) * X13) * (((((X8 * (X5 * log(2.4237676e7))) + -9.787989e7) / ((((X10 - (-466769.1 * (0.3168299 * X13))) - ((-48.302807 + X1) * (233028.75 + (-8.95305e6 / X10)))) - (-539085.06 - X1)) + -2.8022976e8)) + (((-119.96499 + X1) * X3) / X8)) + -0.3048826)) + 282.84546) [likelihood params: Float32[]]"
135,2015923,1188.4437,1398.489,74.835915,590.04443,0.95251876,0.5794362,1188.4437,4735.0586,32.382,Inf,49,"(((sin(-541.92694) * X13) * (((((X8 * (X5 * log(2.4237676e7))) + -9.787989e7) / ((((X10 - (-466769.1 * (0.3168299 * X13))) - ((-48.302807 + X1) * (233028.75 + (-8.95305e6 / X10)))) - (-539085.06 - X1)) + -2.8022976e8)) + (((-119.96499 + X1) * X3) / X8)) + -0.3048826)) + 282.84546) [likelihood params: Float32[]]"
136,2031242,1188.4437,1398.489,74.835915,590.04443,0.95251876,0.5794362,1188.4437,4735.0586,32.914,Inf,49,"(((sin(-541.92694) * X13) * (((((X8 * (X5 * log(2.4237676e7))) + -9.787989e7) / ((((X10 - (-466769.1 * (0.3168299 * X13))) - ((-48.302807 + X1) * (233028.75 + (-8.95305e6 / X10)))) - (-539085.06 - X1)) + -2.8022976e8)) + (((-119.96499 + X1) * X3) / X8)) + -0.3048826)) + 282.84546) [likelihood params: Float32[]]"
137,2046372,1188.4437,1398.489,74.835915,590.04443,0.95251876,0.5794362,1188.4437,4735.0586,33.366,Inf,49,"(((sin(-541.92694) * X13) * (((((X8 * (X5 * log(2.4237676e7))) + -9.787989e7) / ((((X10 - (-466769.1 * (0.3168299 * X13))) - ((-48.302807 + X1) * (233028.75 + (-8.95305e6 / X10)))) - (-539085.06 - X1)) + -2.8022976e8)) + (((-119.96499 + X1) * X3) / X8)) + -0.3048826)) + 282.84546) [likelihood params: Float32[]]"
138,2061495,1188.4437,1398.489,74.835915,590.04443,0.95251876,0.5794362,1188.4437,4735.0586,33.558,Inf,49,"(((sin(-541.92694) * X13) * (((((X8 * (X5 * log(2.4237676e7))) + -9.787989e7) / ((((X10 - (-466769.1 * (0.3168299 * X13))) - ((-48.302807 + X1) * (233028.75 + (-8.95305e6 / X10)))) - (-539085.06 - X1)) + -2.8022976e8)) + (((-119.96499 + X1) * X3) / X8)) + -0.3048826)) + 282.84546) [likelihood params: Float32[]]"
139,2077082,1188.4437,1398.489,74.835915,590.04443,0.95251876,0.5794362,1188.4437,4735.0586,33.19,Inf,49,"(((sin(-541.92694) * X13) * (((((X8 * (X5 * log(2.4237676e7))) + -9.787989e7) / ((((X10 - (-466769.1 * (0.3168299 * X13))) - ((-48.302807 + X1) * (233028.75 + (-8.95305e6 / X10)))) - (-539085.06 - X1)) + -2.8022976e8)) + (((-119.96499 + X1) * X3) / X8)) + -0.3048826)) + 282.84546) [likelihood params: Float32[]]"
140,2093681,1188.4437,1398.489,74.835915,590.04443,0.95251876,0.5794362,1188.4437,4735.0586,33.266,Inf,49,"(((sin(-541.92694) * X13) * (((((X8 * (X5 * log(2.4237676e7))) + -9.787989e7) / ((((X10 - (-466769.1 * (0.3168299 * X13))) - ((-48.302807 + X1) * (233028.75 + (-8.95305e6 / X10)))) - (-539085.06 - X1)) + -2.8022976e8)) + (((-119.96499 + X1) * X3) / X8)) + -0.3048826)) + 282.84546) [likelihood params: Float32[]]"
141,2108925,1188.4437,1398.489,74.835915,590.04443,0.95251876,0.5794362,1188.4437,4735.0586,32.408,Inf,49,"(((sin(-541.92694) * X13) * (((((X8 * (X5 * log(2.4237676e7))) + -9.787989e7) / ((((X10 - (-466769.1 * (0.3168299 * X13))) - ((-48.302807 + X1) * (233028.75 + (-8.95305e6 / X10)))) - (-539085.06 - X1)) + -2.8022976e8)) + (((-119.96499 + X1) * X3) / X8)) + -0.3048826)) + 282.84546) [likelihood params: Float32[]]"
142,2124714,1188.4437,1398.489,74.835915,590.04443,0.95251876,0.5794362,1188.4437,4735.0586,30.862,Inf,49,"(((sin(-541.92694) * X13) * (((((X8 * (X5 * log(2.4237676e7))) + -9.787989e7) / ((((X10 - (-466769.1 * (0.3168299 * X13))) - ((-48.302807 + X1) * (233028.75 + (-8.95305e6 / X10)))) - (-539085.06 - X1)) + -2.8022976e8)) + (((-119.96499 + X1) * X3) / X8)) + -0.3048826)) + 282.84546) [likelihood params: Float32[]]"
143,2140528,1188.4437,1398.489,74.835915,590.04443,0.95251876,0.5794362,1188.4437,4735.0586,30.188,Inf,49,"(((sin(-541.92694) * X13) * (((((X8 * (X5 * log(2.4237676e7))) + -9.787989e7) / ((((X10 - (-466769.1 * (0.3168299 * X13))) - ((-48.302807 + X1) * (233028.75 + (-8.95305e6 / X10)))) - (-539085.06 - X1)) + -2.8022976e8)) + (((-119.96499 + X1) * X3) / X8)) + -0.3048826)) + 282.84546) [likelihood params: Float32[]]"
144,2157048,1188.4437,1398.489,74.835915,590.04443,0.95251876,0.5794362,1188.4437,4735.0586,30.71,Inf,49,"(((sin(-541.92694) * X13) * (((((X8 * (X5 * log(2.4237676e7))) + -9.787989e7) / ((((X10 - (-466769.1 * (0.3168299 * X13))) - ((-48.302807 + X1) * (233028.75 + (-8.95305e6 / X10)))) - (-539085.06 - X1)) + -2.8022976e8)) + (((-119.96499 + X1) * X3) / X8)) + -0.3048826)) + 282.84546) [likelihood params: Float32[]]"
145,2173599,1188.4437,1398.489,74.835915,590.04443,0.95251876,0.5794362,1188.4437,4735.0586,31.32,Inf,49,"(((sin(-541.92694) * X13) * (((((X8 * (X5 * log(2.4237676e7))) + -9.787989e7) / ((((X10 - (-466769.1 * (0.3168299 * X13))) - ((-48.302807 + X1) * (233028.75 + (-8.95305e6 / X10)))) - (-539085.06 - X1)) + -2.8022976e8)) + (((-119.96499 + X1) * X3) / X8)) + -0.3048826)) + 282.84546) [likelihood params: Float32[]]"
146,2190078,1188.4437,1398.489,74.835915,590.04443,0.95251876,0.5794362,1188.4437,4735.0586,31.12,Inf,49,"(((sin(-541.92694) * X13) * (((((X8 * (X5 * log(2.4237676e7))) + -9.787989e7) / ((((X10 - (-466769.1 * (0.3168299 * X13))) - ((-48.302807 + X1) * (233028.75 + (-8.95305e6 / X10)))) - (-539085.06 - X1)) + -2.8022976e8)) + (((-119.96499 + X1) * X3) / X8)) + -0.3048826)) + 282.84546) [likelihood params: Float32[]]"
147,2206541,1188.4437,1398.489,74.835915,590.04443,0.95251876,0.5794362,1188.4437,4735.0586,30.708,Inf,49,"(((sin(-541.92694) * X13) * (((((X8 * (X5 * log(2.4237676e7))) + -9.787989e7) / ((((X10 - (-466769.1 * (0.3168299 * X13))) - ((-48.302807 + X1) * (233028.75 + (-8.95305e6 / X10)))) - (-539085.06 - X1)) + -2.8022976e8)) + (((-119.96499 + X1) * X3) / X8)) + -0.3048826)) + 282.84546) [likelihood params: Float32[]]"
148,2222853,1018.6012,1133.0924,63.878326,578.91656,0.959471,0.5873678,1018.6012,4646.0356,31.386,Inf,37,"(((0.0016572062 * X13) * (((8.102965e-8 * X13) * ((((-46.075928 + X1) * (6174.13 + (-236819.38 / X10))) + (((-117.360916 + X4) * X3) * -74581.516)) + X13)) + -217.21504)) + (378.1652 - ((12446.247 * X3) / X13))) [likelihood params: Float32[]]"
149,2238539,1018.5972,1132.4839,63.87807,579.0495,0.95947117,0.587273,1018.5972,4647.099,32.57,Inf,37,"(((0.0016572168 * X13) * (((8.104642e-8 * X13) * ((((-46.0742 + X1) * (6174.8096 + (-236829.8 / X10))) + (((-117.361755 + X4) * X3) * -74592.82)) + X13)) + -217.21492)) + (378.1655 - ((12445.016 * X3) / X13))) [likelihood params: Float32[]]"
150,2254133,1018.5972,1132.4839,63.87807,579.0495,0.95947117,0.587273,1018.5972,4647.099,31.88,Inf,37,"(((0.0016572168 * X13) * (((8.104642e-8 * X13) * ((((-46.0742 + X1) * (6174.8096 + (-236829.8 / X10))) + (((-117.361755 + X4) * X3) * -74592.82)) + X13)) + -217.21492)) + (378.1655 - ((12445.016 * X3) / X13))) [likelihood params: Float32[]]"
151,2269215,1018.5972,1132.4839,63.87807,579.0495,0.95947117,0.587273,1018.5972,4647.099,31.83,Inf,37,"(((0.0016572168 * X13) * (((8.104642e-8 * X13) * ((((-46.0742 + X1) * (6174.8096 + (-236829.8 / X10))) + (((-117.361755 + X4) * X3) * -74592.82)) + X13)) + -217.21492)) + (378.1655 - ((12445.016 * X3) / X13))) [likelihood params: Float32[]]"
152,2283562,1018.5971,1132.4219,63.878063,579.0493,0.95947117,0.5872731,1018.5971,4647.0977,32.022,Inf,37,"(((0.0016572168 * X13) * (((8.104642e-8 * X13) * ((((-46.0742 + X1) * (6174.8096 + (-236829.61 / X10))) + (((-117.361755 + X4) * X3) * -74592.82)) + X13)) + -217.21492)) + (378.1655 - ((12445.016 * X3) / X13))) [likelihood params: Float32[]]"
153,2297972,1014.6023,1136.0485,63.620335,565.64813,0.9596347,0.59682506,1014.6023,4539.888,32.574,Inf,39,"(((0.00030183408 * X13) * ((((1.4340991e-9 * X13) * X13) * ((((-43.947735 + X1) * (3026.3245 + (-119490.055 / X10))) + (((-114.179085 + X4) * X3) * -49506.22)) + X13)) + -1200.963)) + (379.77548 - ((8185.2993 * X3) / X13))) [likelihood params: Float32[]]"
154,2312849,1011.74097,1132.8181,63.435734,585.7122,0.95975184,0.58252406,1011.74097,4700.401,32.6,Inf,37,"(((3.0548097e-8 * X13) * (((-2.4274423 * X13) * ((((-46.402218 + X1) * (-11.352165 + (442.86703 / X10))) + (((-115.99969 + X4) * X3) * 131.56102)) + X13)) + -9.388991e6)) + (350.91232 - ((10060.731 * X3) / X13))) [likelihood params: Float32[]]"
155,2328067,1005.1334,1126.7815,63.009438,590.5635,0.9600223,0.5790663,1005.1334,4739.211,32.722,Inf,37,"(((0.0039000246 * X13) * (((2.1693417e-7 * X13) * ((((-46.1376 + X1) * (X8 + (-37882.55 / X10))) + (((-117.367546 + X4) * X3) * -11826.562)) + X13)) + -92.412346)) + (378.236 - ((12369.124 * X3) / X13))) [likelihood params: Float32[]]"
156,2342417,1005.1334,1126.7815,63.009438,590.5635,0.9600223,0.5790663,1005.1334,4739.211,31.628,Inf,37,"(((0.0039000246 * X13) * (((2.1693417e-7 * X13) * ((((-46.1376 + X1) * (X8 + (-37882.55 / X10))) + (((-117.367546 + X4) * X3) * -11826.562)) + X13)) + -92.412346)) + (378.236 - ((12369.124 * X3) / X13))) [likelihood params: Float32[]]"
157,2357264,1005.1334,1126.7815,63.009438,590.5635,0.9600223,0.5790663,1005.1334,4739.211,31.188,Inf,37,"(((0.0039000246 * X13) * (((2.1693417e-7 * X13) * ((((-46.1376 + X1) * (X8 + (-37882.55 / X10))) + (((-117.367546 + X4) * X3) * -11826.562)) + X13)) + -92.412346)) + (378.236 - ((12369.124 * X3) / X13))) [likelihood params: Float32[]]"
158,2371920,1005.1334,1126.7815,63.009438,590.5635,0.9600223,0.5790663,1005.1334,4739.211,32.374,Inf,37,"(((0.0039000246 * X13) * (((2.1693417e-7 * X13) * ((((-46.1376 + X1) * (X8 + (-37882.55 / X10))) + (((-117.367546 + X4) * X3) * -11826.562)) + X13)) + -92.412346)) + (378.236 - ((12369.124 * X3) / X13))) [likelihood params: Float32[]]"
159,2386272,1005.1334,1126.7815,63.009438,590.5635,0.9600223,0.5790663,1005.1334,4739.211,32.486,Inf,37,"(((0.0039000246 * X13) * (((2.1693417e-7 * X13) * ((((-46.1376 + X1) * (X8 + (-37882.55 / X10))) + (((-117.367546 + X4) * X3) * -11826.562)) + X13)) + -92.412346)) + (378.236 - ((12369.124 * X3) / X13))) [likelihood params: Float32[]]"
160,2401200,1005.1334,1126.7815,63.009438,590.5635,0.9600223,0.5790663,1005.1334,4739.211,31.938,Inf,37,"(((0.0039000246 * X13) * (((2.1693417e-7 * X13) * ((((-46.1376 + X1) * (X8 + (-37882.55 / X10))) + (((-117.367546 + X4) * X3) * -11826.562)) + X13)) + -92.412346)) + (378.236 - ((12369.124 * X3) / X13))) [likelihood params: Float32[]]"
161,2416687,1005.1334,1126.7815,63.009438,590.5635,0.9600223,0.5790663,1005.1334,4739.211,31.15,Inf,37,"(((0.0039000246 * X13) * (((2.1693417e-7 * X13) * ((((-46.1376 + X1) * (X8 + (-37882.55 / X10))) + (((-117.367546 + X4) * X3) * -11826.562)) + X13)) + -92.412346)) + (378.236 - ((12369.124 * X3) / X13))) [likelihood params: Float32[]]"
162,2431031,1005.1334,1126.7815,63.009438,590.5635,0.9600223,0.5790663,1005.1334,4739.211,32.258,Inf,37,"(((0.0039000246 * X13) * (((2.1693417e-7 * X13) * ((((-46.1376 + X1) * (X8 + (-37882.55 / X10))) + (((-117.367546 + X4) * X3) * -11826.562)) + X13)) + -92.412346)) + (378.236 - ((12369.124 * X3) / X13))) [likelihood params: Float32[]]"
163,2445209,1005.1334,1126.7815,63.009438,590.5635,0.9600223,0.5790663,1005.1334,4739.211,32.906,Inf,37,"(((0.0039000246 * X13) * (((2.1693417e-7 * X13) * ((((-46.1376 + X1) * (X8 + (-37882.55 / X10))) + (((-117.367546 + X4) * X3) * -11826.562)) + X13)) + -92.412346)) + (378.236 - ((12369.124 * X3) / X13))) [likelihood params: Float32[]]"
164,2459211,1005.1334,1126.7815,63.009438,590.5635,0.9600223,0.5790663,1005.1334,4739.211,31.85,Inf,37,"(((0.0039000246 * X13) * (((2.1693417e-7 * X13) * ((((-46.1376 + X1) * (X8 + (-37882.55 / X10))) + (((-117.367546 + X4) * X3) * -11826.562)) + X13)) + -92.412346)) + (378.236 - ((12369.124 * X3) / X13))) [likelihood params: Float32[]]"
165,2473601,1005.1334,1126.7815,63.009438,590.5635,0.9600223,0.5790663,1005.1334,4739.211,31.3,Inf,37,"(((0.0039000246 * X13) * (((2.1693417e-7 * X13) * ((((-46.1376 + X1) * (X8 + (-37882.55 / X10))) + (((-117.367546 + X4) * X3) * -11826.562)) + X13)) + -92.412346)) + (378.236 - ((12369.124 * X3) / X13))) [likelihood params: Float32[]]"
166,2488543,1005.1334,1126.7815,63.009438,590.5635,0.9600223,0.5790663,1005.1334,4739.211,33.444,Inf,37,"(((0.0039000246 * X13) * (((2.1693417e-7 * X13) * ((((-46.1376 + X1) * (X8 + (-37882.55 / X10))) + (((-117.367546 + X4) * X3) * -11826.562)) + X13)) + -92.412346)) + (378.236 - ((12369.124 * X3) / X13))) [likelihood params: Float32[]]"
167,2503635,1005.1334,1126.7815,63.009438,590.5635,0.9600223,0.5790663,1005.1334,4739.211,32.164,Inf,37,"(((0.0039000246 * X13) * (((2.1693417e-7 * X13) * ((((-46.1376 + X1) * (X8 + (-37882.55 / X10))) + (((-117.367546 + X4) * X3) * -11826.562)) + X13)) + -92.412346)) + (378.236 - ((12369.124 * X3) / X13))) [likelihood params: Float32[]]"
168,2519350,1005.1334,1126.7815,63.009438,590.5635,0.9600223,0.5790663,1005.1334,4739.211,31.7,Inf,37,"(((0.0039000246 * X13) * (((2.1693417e-7 * X13) * ((((-46.1376 + X1) * (X8 + (-37882.55 / X10))) + (((-117.367546 + X4) * X3) * -11826.562)) + X13)) + -92.412346)) + (378.236 - ((12369.124 * X3) / X13))) [likelihood params: Float32[]]"
169,2534542,1005.1334,1126.7815,63.009438,590.5635,0.9600223,0.5790663,1005.1334,4739.211,31.312,Inf,37,"(((0.0039000246 * X13) * (((2.1693417e-7 * X13) * ((((-46.1376 + X1) * (X8 + (-37882.55 / X10))) + (((-117.367546 + X4) * X3) * -11826.562)) + X13)) + -92.412346)) + (378.236 - ((12369.124 * X3) / X13))) [likelihood params: Float32[]]"
170,2548822,1005.1334,1126.7815,63.009438,590.5635,0.9600223,0.5790663,1005.1334,4739.211,30.086,Inf,37,"(((0.0039000246 * X13) * (((2.1693417e-7 * X13) * ((((-46.1376 + X1) * (X8 + (-37882.55 / X10))) + (((-117.367546 + X4) * X3) * -11826.562)) + X13)) + -92.412346)) + (378.236 - ((12369.124 * X3) / X13))) [likelihood params: Float32[]]"
171,2563664,992.0016,1120.6357,62.162224,635.3475,0.96055984,0.5471457,992.0016,5097.483,29.536,Inf,39,"(((4.326095e-9 * X13) * ((X4 * ((((-47.883907 + X1) * (X8 + (((-21934.133 * X8) / X13) / X10))) + (((-120.61704 + X4) * X3) * -14056.878)) + X13)) + -8.435718e7)) + (381.7317 - ((21793.377 * X3) / X13))) [likelihood params: Float32[]]"
172,2579485,984.86664,1111.8165,61.701904,634.8392,0.9608519,0.547508,984.86664,5093.4165,30.972,Inf,39,"(((4.4295714e-9 * X13) * ((X4 * ((((-48.04929 + X1) * (X8 + (((-21868.664 * X8) / X13) / X10))) + (((-120.51063 + X4) * X3) * -13817.704)) + X13)) + -8.254291e7)) + (381.25662 - ((21735.295 * X3) / X13))) [likelihood params: Float32[]]"
173,2595035,984.86664,1111.8165,61.701904,634.8392,0.9608519,0.547508,984.86664,5093.4165,30.642,Inf,39,"(((4.4295714e-9 * X13) * ((X4 * ((((-48.04929 + X1) * (X8 + (((-21868.664 * X8) / X13) / X10))) + (((-120.51063 + X4) * X3) * -13817.704)) + X13)) + -8.254291e7)) + (381.25662 - ((21735.295 * X3) / X13))) [likelihood params: Float32[]]"
174,2610222,984.86664,1111.8165,61.701904,634.8392,0.9608519,0.547508,984.86664,5093.4165,31.316,Inf,39,"(((4.4295714e-9 * X13) * ((X4 * ((((-48.04929 + X1) * (X8 + (((-21868.664 * X8) / X13) / X10))) + (((-120.51063 + X4) * X3) * -13817.704)) + X13)) + -8.254291e7)) + (381.25662 - ((21735.295 * X3) / X13))) [likelihood params: Float32[]]"
175,2624920,984.86664,1111.8165,61.701904,634.8392,0.9608519,0.547508,984.86664,5093.4165,31.954,Inf,39,"(((4.4295714e-9 * X13) * ((X4 * ((((-48.04929 + X1) * (X8 + (((-21868.664 * X8) / X13) / X10))) + (((-120.51063 + X4) * X3) * -13817.704)) + X13)) + -8.254291e7)) + (381.25662 - ((21735.295 * X3) / X13))) [likelihood params: Float32[]]"
176,2640324,984.86664,1111.8165,61.701904,634.8392,0.9608519,0.547508,984.86664,5093.4165,31.7,Inf,39,"(((4.4295714e-9 * X13) * ((X4 * ((((-48.04929 + X1) * (X8 + (((-21868.664 * X8) / X13) / X10))) + (((-120.51063 + X4) * X3) * -13817.704)) + X13)) + -8.254291e7)) + (381.25662 - ((21735.295 * X3) / X13))) [likelihood params: Float32[]]"
177,2655183,984.86664,1111.8165,61.701904,634.8392,0.9608519,0.547508,984.86664,5093.4165,33.14,Inf,39,"(((4.4295714e-9 * X13) * ((X4 * ((((-48.04929 + X1) * (X8 + (((-21868.664 * X8) / X13) / X10))) + (((-120.51063 + X4) * X3) * -13817.704)) + X13)) + -8.254291e7)) + (381.25662 - ((21735.295 * X3) / X13))) [likelihood params: Float32[]]"
178,2670703,968.62683,1096.2422,60.654175,612.36566,0.9615166,0.5635264,968.62683,4913.6284,33.756,Inf,39,"(((6.8717285e-9 * X13) * ((X4 * ((((-47.290825 + X1) * (X13 + (((-13052.619 * X8) / X13) / X10))) + (((-121.90196 + X4) * X3) * -8637.63)) + X13)) + -5.590886e7)) + (391.66 - ((22660.43 * X3) / X13))) [likelihood params: Float32[]]"
179,2685033,968.62683,1096.2422,60.654175,612.36566,0.9615166,0.5635264,968.62683,4913.6284,33.476,Inf,39,"(((6.8717285e-9 * X13) * ((X4 * ((((-47.290825 + X1) * (X13 + (((-13052.619 * X8) / X13) / X10))) + (((-121.90196 + X4) * X3) * -8637.63)) + X13)) + -5.590886e7)) + (391.66 - ((22660.43 * X3) / X13))) [likelihood params: Float32[]]"
180,2699637,947.0759,1094.1853,59.263794,613.9176,0.9623988,0.56242025,947.0759,4926.044,32.278,Inf,41,"(((4.2835886e-9 * X13) * ((X4 * ((((-46.990932 + X1) * (X8 + ((-38221.938 - ((-4.4753636e7 * X3) / X13)) / X10))) + (((-116.699265 + X4) * X3) * -16331.435)) + X13)) + -8.088971e7)) + (370.81128 - ((22105.896 * X3) / X13))) [likelihood params: Float32[]]"
181,2714700,797.881,925.62445,49.638313,4796.5684,0.9685059,-2.4188323,797.881,38387.25,31.446,Inf,39,"(((5.2021614e-9 * X13) * ((X4 * ((((-53.400303 + X1) * (X13 + (((-1118.1892 / X10) * X7) / X10))) + (((-121.44045 + X4) * X3) * -11518.458)) + X13)) + -7.103787e7)) + (383.2573 - ((21535.889 * X3) / X13))) [likelihood params: Float32[]]"
182,2730410,797.881,925.62445,49.638313,4796.5684,0.9685059,-2.4188323,797.881,38387.25,32.852,Inf,39,"(((5.2021614e-9 * X13) * ((X4 * ((((-53.400303 + X1) * (X13 + (((-1118.1892 / X10) * X7) / X10))) + (((-121.44045 + X4) * X3) * -11518.458)) + X13)) + -7.103787e7)) + (383.2573 - ((21535.889 * X3) / X13))) [likelihood params: Float32[]]"
183,2745849,797.881,925.62445,49.638313,4796.5684,0.9685059,-2.4188323,797.881,38387.25,33.014,Inf,39,"(((5.2021614e-9 * X13) * ((X4 * ((((-53.400303 + X1) * (X13 + (((-1118.1892 / X10) * X7) / X10))) + (((-121.44045 + X4) * X3) * -11518.458)) + X13)) + -7.103787e7)) + (383.2573 - ((21535.889 * X3) / X13))) [likelihood params: Float32[]]"
184,2760957,797.881,925.62445,49.638313,4796.5684,0.9685059,-2.4188323,797.881,38387.25,33.132,Inf,39,"(((5.2021614e-9 * X13) * ((X4 * ((((-53.400303 + X1) * (X13 + (((-1118.1892 / X10) * X7) / X10))) + (((-121.44045 + X4) * X3) * -11518.458)) + X13)) + -7.103787e7)) + (383.2573 - ((21535.889 * X3) / X13))) [likelihood params: Float32[]]"
185,2776400,797.881,925.62445,49.638313,4796.5684,0.9685059,-2.4188323,797.881,38387.25,32.32,Inf,39,"(((5.2021614e-9 * X13) * ((X4 * ((((-53.400303 + X1) * (X13 + (((-1118.1892 / X10) * X7) / X10))) + (((-121.44045 + X4) * X3) * -11518.458)) + X13)) + -7.103787e7)) + (383.2573 - ((21535.889 * X3) / X13))) [likelihood params: Float32[]]"
186,2791834,797.881,925.62445,49.638313,4796.5684,0.9685059,-2.4188323,797.881,38387.25,33.38,Inf,39,"(((5.2021614e-9 * X13) * ((X4 * ((((-53.400303 + X1) * (X13 + (((-1118.1892 / X10) * X7) / X10))) + (((-121.44045 + X4) * X3) * -11518.458)) + X13)) + -7.103787e7)) + (383.2573 - ((21535.889 * X3) / X13))) [likelihood params: Float32[]]"
187,2807703,797.8806,931.79205,49.63829,4796.5674,0.9685059,-2.4188316,797.8806,38387.242,33.616,Inf,41,"(((5.2021543e-9 * X13) * ((X4 * ((((-53.400303 + X1) * (X13 + (((-1118.1907 / X10) * X7) / X10))) + (((-121.440445 + X4) * X3) * -11518.472)) + X13)) + -7.103797e7)) + (383.2573 - ((-6913.015 * X3) / (X13 * -0.32099977)))) [likelihood params: Float32[]]"
188,2824032,789.5513,921.291,49.100914,5372.278,0.96884686,-2.8291786,789.5513,42992.926,32.888,Inf,41,"(((5.194615e-9 * X13) * ((X4 * ((((-53.475307 + X1) * (X13 + (((-33.570362 / X10) * (X13 + 18695.977)) / X10))) + (((-121.456764 + X4) * X3) * -11517.893)) + X13)) + -7.112326e7)) + (383.2441 - ((21514.887 * X3) / X13))) [likelihood params: Float32[]]"
189,2839894,789.4204,920.817,49.092472,5429.921,0.9688522,-2.8702648,789.4204,43454.07,32.712,Inf,41,"(((5.1948525e-9 * X13) * ((X4 * ((((-53.475636 + X1) * (X13 + (((-30.1115 / X10) * (X13 + 21045.963)) / X10))) + (((-121.457504 + X4) * X3) * -11517.421)) + X13)) + -7.112288e7)) + (383.25195 - ((21516.363 * X3) / X13))) [likelihood params: Float32[]]"
190,2855650,789.42,920.8153,49.09244,5429.9775,0.9688522,-2.870305,789.42,43454.523,31.96,Inf,41,"(((5.194853e-9 * X13) * ((X4 * ((((-53.47563 + X1) * (X13 + (((-30.111404 / X10) * (X13 + 21046.178)) / X10))) + (((-121.457504 + X4) * X3) * -11517.421)) + X13)) + -7.112288e7)) + (383.25192 - ((21516.363 * X3) / X13))) [likelihood params: Float32[]]"
191,2871666,789.42,920.8153,49.09244,5429.9775,0.9688522,-2.870305,789.42,43454.523,32.616,Inf,41,"(((5.194853e-9 * X13) * ((X4 * ((((-53.47563 + X1) * (X13 + (((-30.111404 / X10) * (X13 + 21046.178)) / X10))) + (((-121.457504 + X4) * X3) * -11517.421)) + X13)) + -7.112288e7)) + (383.25192 - ((21516.363 * X3) / X13))) [likelihood params: Float32[]]"
192,2887461,772.05194,941.73914,47.971924,2104.5974,0.9695632,-0.5000862,772.05194,16851.482,32.132,Inf,47,"(((6.4262693e-9 * X13) * ((X4 * ((((219.1831 + X1) * ((335.76913 + X4) + (((-4.510076e-5 / X10) * ((66859.266 * (X13 * X1)) + -1.741349e9)) / X10))) + (((-118.65241 + X4) * X3) * -10997.539)) + X13)) + -6.7728424e7)) + (373.7392 - ((20263.592 * X3) / X13))) [likelihood params: Float32[]]"
193,2904235,772.0422,942.325,47.971294,2104.57,0.9695636,-0.50006664,772.0422,16851.264,31.864,Inf,47,"(((6.426362e-9 * X13) * ((X4 * ((((219.16722 + X1) * ((335.7496 + X4) + (((-4.5106666e-5 / X10) * ((66859.38 * (X13 * X1)) + -1.741349e9)) / X10))) + (((-118.65207 + X4) * X3) * -10997.399)) + X13)) + -6.7728424e7)) + (373.73703 - ((20263.973 * X3) / X13))) [likelihood params: Float32[]]"
194,2920320,772.0377,942.6725,47.971004,2104.5588,0.9695638,-0.50005865,772.0377,16851.174,32.872,Inf,47,"(((6.4264274e-9 * X13) * ((X4 * ((((219.15631 + X1) * ((335.73618 + X4) + (((-4.511079e-5 / X10) * ((66859.46 * (X13 * X1)) + -1.741349e9)) / X10))) + (((-118.65192 + X4) * X3) * -10997.351)) + X13)) + -6.7728424e7)) + (373.7356 - ((20264.111 * X3) / X13))) [likelihood params: Float32[]]"
195,2936279,772.0362,945.2207,47.97091,2104.5542,0.96956384,-0.5000553,772.0362,16851.137,32.932,Inf,47,"(((6.426474e-9 * X13) * ((X4 * ((((219.1487 + X1) * ((335.72687 + X4) + (((-4.511368e-5 / X10) * ((66859.51 * (X13 * X1)) + -1.741349e9)) / X10))) + (((-118.65188 + X4) * X3) * -10997.354)) + X13)) + -6.7728424e7)) + (373.73462 - ((20264.111 * X3) / X13))) [likelihood params: Float32[]]"
196,2953098,772.0345,945.3452,47.9708,2104.5513,0.9695639,-0.5000533,772.0345,16851.113,33.008,Inf,47,"(((6.4265078e-9 * X13) * ((X4 * ((((219.14328 + X1) * ((335.7203 + X4) + (((-4.51157e-5 / X10) * ((66859.53 * (X13 * X1)) + -1.741349e9)) / X10))) + (((-118.6519 + X4) * X3) * -10997.385)) + X13)) + -6.7728424e7)) + (373.73395 - ((20264.033 * X3) / X13))) [likelihood params: Float32[]]"
197,2969681,772.0341,944.8204,47.970776,2104.549,0.9695639,-0.50005174,772.0341,16851.096,33.016,Inf,47,"(((6.4265326e-9 * X13) * ((X4 * ((((219.13936 + X1) * ((335.71564 + X4) + (((-4.5117107e-5 / X10) * ((66859.55 * (X13 * X1)) + -1.741349e9)) / X10))) + (((-118.65196 + X4) * X3) * -10997.431)) + X13)) + -6.7728424e7)) + (373.7335 - ((20263.918 * X3) / X13))) [likelihood params: Float32[]]"
198,2985844,772.03326,944.0305,47.97072,2104.5447,0.96956396,-0.5000485,772.03326,16851.06,33.588,Inf,47,"(((6.4265513e-9 * X13) * ((X4 * ((((219.13643 + X1) * ((335.71225 + X4) + (((-4.5118075e-5 / X10) * ((66859.55 * (X13 * X1)) + -1.741349e9)) / X10))) + (((-118.65204 + X4) * X3) * -10997.481)) + X13)) + -6.7728424e7)) + (373.7332 - ((20263.787 * X3) / X13))) [likelihood params: Float32[]]"
199,3001869,772.03326,944.0305,47.97072,2104.5447,0.96956396,-0.5000485,772.03326,16851.06,32.744,Inf,47,"(((6.4265513e-9 * X13) * ((X4 * ((((219.13643 + X1) * ((335.71225 + X4) + (((-4.5118075e-5 / X10) * ((66859.55 * (X13 * X1)) + -1.741349e9)) / X10))) + (((-118.65204 + X4) * X3) * -10997.481)) + X13)) + -6.7728424e7)) + (373.7332 - ((20263.787 * X3) / X13))) [likelihood params: Float32[]]"
200,3017044,772.03326,944.0305,47.97072,2104.5447,0.96956396,-0.5000485,772.03326,16851.06,33.276,Inf,47,"(((6.4265513e-9 * X13) * ((X4 * ((((219.13643 + X1) * ((335.71225 + X4) + (((-4.5118075e-5 / X10) * ((66859.55 * (X13 * X1)) + -1.741349e9)) / X10))) + (((-118.65204 + X4) * X3) * -10997.481)) + X13)) + -6.7728424e7)) + (373.7332 - ((20263.787 * X3) / X13))) [likelihood params: Float32[]]"
 54.437820 seconds (40.99 M allocations: 5.559 GiB, 1.38% gc time, 3423 lock conflicts, 30.05% compilation time: 12% of which was recompilation)
