-- TINY GP (Julia version) --
SEED=-1
MAX_LEN=100
POPSIZE=500
DEPTH=5
CROSSOVER_PROB=0.900000
PMUT_PER_NODE=0.050000
GENERATIONS=200
TSIZE=2
----------------------------------
gen,fevals,best_fitness,dl,MSE_train,MSE_test,R2_train,R2_test,nll_train,nll_test,avg_len,avg_fitness,size,Expression
1,41215,7801.7026,7801.7026,0.0012307178,0.001463685,0.964304,0.8523137,7787.203,5430.167,7.11,Inf,5,"(abs((-0.17747635 * X1)) ^ -0.26693428) [likelihood params: Float32[]]"
2,60214,7801.7026,7801.7026,0.0012307178,0.001463685,0.964304,0.8523137,7787.203,5430.167,6.9,Inf,5,"(abs((-0.17747635 * X1)) ^ -0.26693428) [likelihood params: Float32[]]"
3,85361,7643.817,7643.817,0.0012012414,0.0014720602,0.9651589,0.8514686,7575.342,5464.715,7.04,Inf,23,"(log(abs(-0.42739272)) + (abs(pdiv((-3.6191986 - log(abs(X1))), X1)) ^ log(abs(pdiv((((-1.4109424 * X2) - -4.4012837) - (-0.8200303 * log(abs(-0.006443024)))), X2))))) [likelihood params: Float32[]]"
4,104614,7643.817,7643.817,0.0012012414,0.0014720602,0.9651589,0.8514686,7575.342,5464.715,6.976,Inf,23,"(log(abs(-0.42739272)) + (abs(pdiv((-3.6191986 - log(abs(X1))), X1)) ^ log(abs(pdiv((((-1.4109424 * X2) - -4.4012837) - (-0.8200303 * log(abs(-0.006443024)))), X2))))) [likelihood params: Float32[]]"
5,121212,7643.817,7643.817,0.0012012414,0.0014720602,0.9651589,0.8514686,7575.342,5464.715,6.466,Inf,23,"(log(abs(-0.42739272)) + (abs(pdiv((-3.6191986 - log(abs(X1))), X1)) ^ log(abs(pdiv((((-1.4109424 * X2) - -4.4012837) - (-0.8200303 * log(abs(-0.006443024)))), X2))))) [likelihood params: Float32[]]"
6,139161,7643.817,7643.817,0.0012012414,0.0014720602,0.9651589,0.8514686,7575.342,5464.715,6.634,Inf,23,"(log(abs(-0.42739272)) + (abs(pdiv((-3.6191986 - log(abs(X1))), X1)) ^ log(abs(pdiv((((-1.4109424 * X2) - -4.4012837) - (-0.8200303 * log(abs(-0.006443024)))), X2))))) [likelihood params: Float32[]]"
7,161804,6830.9043,6830.9043,0.0010892879,0.0019542463,0.968406,0.8028159,6770.6763,7453.7314,7.566,Inf,18,"log(abs(pdiv(-41.266384, (abs((log(abs(exp(0.92059755))) + pdiv((414.12595 + pdiv(-681.8726, X2)), X1))) ^ (-0.0060124127 * X1))))) [likelihood params: Float32[]]"
8,184244,6830.9043,6830.9043,0.0010892879,0.0019542463,0.968406,0.8028159,6770.6763,7453.7314,8.278,Inf,18,"log(abs(pdiv(-41.266384, (abs((log(abs(exp(0.92059755))) + pdiv((414.12595 + pdiv(-681.8726, X2)), X1))) ^ (-0.0060124127 * X1))))) [likelihood params: Float32[]]"
9,205932,6824.6196,6824.6196,0.0010892875,0.001954433,0.968406,0.802797,6770.673,7454.503,9.79,Inf,16,"log(abs(pdiv(-41.266384, (abs((0.9205526 + pdiv((414.21695 + pdiv(-682.15204, X2)), X1))) ^ (-0.006012095 * X1))))) [likelihood params: Float32[]]"
10,229623,6824.6196,6824.6196,0.0010892875,0.001954433,0.968406,0.802797,6770.673,7454.503,10.786,Inf,16,"log(abs(pdiv(-41.266384, (abs((0.9205526 + pdiv((414.21695 + pdiv(-682.15204, X2)), X1))) ^ (-0.006012095 * X1))))) [likelihood params: Float32[]]"
11,249094,6824.6196,6824.6196,0.0010892875,0.001954433,0.968406,0.802797,6770.673,7454.503,11.468,Inf,16,"log(abs(pdiv(-41.266384, (abs((0.9205526 + pdiv((414.21695 + pdiv(-682.15204, X2)), X1))) ^ (-0.006012095 * X1))))) [likelihood params: Float32[]]"
12,279917,6824.6196,6824.6196,0.0010892875,0.001954433,0.968406,0.802797,6770.673,7454.503,13.892,Inf,16,"log(abs(pdiv(-41.266384, (abs((0.9205526 + pdiv((414.21695 + pdiv(-682.15204, X2)), X1))) ^ (-0.006012095 * X1))))) [likelihood params: Float32[]]"
13,298804,6816.6455,6816.6455,0.0010892875,0.001954433,0.968406,0.802797,6770.673,7454.503,15.146,Inf,13,"(abs((0.9205526 + pdiv((414.21695 + pdiv(-682.15204, X2)), X1))) ^ (-0.006012095 * X1)) [likelihood params: Float32[]]"
14,313146,5189.872,5189.872,0.0008598813,0.0017215802,0.9750598,0.826292,5121.816,6493.9844,17.272,Inf,21,"log(abs(pdiv(-41.266384, (abs((((0.120628245 * X2) - -0.3448799) + pdiv((253.08777 + pdiv(X2, log(abs(9.242525e10)))), X1))) ^ (-0.0062173777 * X1))))) [likelihood params: Float32[]]"
15,346825,5177.5015,5177.5015,0.00085968844,0.0017212015,0.97506535,0.8263302,5120.4297,6492.422,18.438,Inf,16,"log(abs(pdiv(-41.266384, (abs((((0.120704286 * X2) - -0.34456015) + pdiv(253.23123, X1))) ^ (-0.006217979 * X1))))) [likelihood params: Float32[]]"
16,387388,4519.596,4519.596,0.00076527195,0.0017772455,0.9778039,0.8206753,4441.8115,6723.6045,20.598,Inf,21,"log(abs(pdiv(-41.266384, (abs((((0.21392998 * X2) - 0.1211903) + pdiv((453.86035 + pdiv(X2, log(abs(0.9751918)))), X1))) ^ (-0.006195295 * X1))))) [likelihood params: Float32[]]"
17,411484,3201.3333,3201.3333,0.000579476,0.0011964972,0.98319274,0.87927306,3106.4033,4328.0176,22.57,Inf,27,"log(abs(pdiv(-41.266384, (abs((((0.09929309 * X2) - -0.44127548) + pdiv((-137.9837 + pdiv(X2, log(abs(1.0121691)))), X1))) ^ (pdiv(log(abs((exp(0.4679146) - 0.6261347))), X2) * X1))))) [likelihood params: Float32[]]"
18,433624,3201.3333,3201.3333,0.000579476,0.0011964972,0.98319274,0.87927306,3106.4033,4328.0176,25.646,Inf,27,"log(abs(pdiv(-41.266384, (abs((((0.09929309 * X2) - -0.44127548) + pdiv((-137.9837 + pdiv(X2, log(abs(1.0121691)))), X1))) ^ (pdiv(log(abs((exp(0.4679146) - 0.6261347))), X2) * X1))))) [likelihood params: Float32[]]"
19,465316,3201.3333,3201.3333,0.000579476,0.0011964972,0.98319274,0.87927306,3106.4033,4328.0176,29.712,Inf,27,"log(abs(pdiv(-41.266384, (abs((((0.09929309 * X2) - -0.44127548) + pdiv((-137.9837 + pdiv(X2, log(abs(1.0121691)))), X1))) ^ (pdiv(log(abs((exp(0.4679146) - 0.6261347))), X2) * X1))))) [likelihood params: Float32[]]"
20,488496,3201.3333,3201.3333,0.000579476,0.0011964972,0.98319274,0.87927306,3106.4033,4328.0176,32.802,Inf,27,"log(abs(pdiv(-41.266384, (abs((((0.09929309 * X2) - -0.44127548) + pdiv((-137.9837 + pdiv(X2, log(abs(1.0121691)))), X1))) ^ (pdiv(log(abs((exp(0.4679146) - 0.6261347))), X2) * X1))))) [likelihood params: Float32[]]"
21,521245,3201.3333,3201.3333,0.000579476,0.0011964972,0.98319274,0.87927306,3106.4033,4328.0176,34.966,Inf,27,"log(abs(pdiv(-41.266384, (abs((((0.09929309 * X2) - -0.44127548) + pdiv((-137.9837 + pdiv(X2, log(abs(1.0121691)))), X1))) ^ (pdiv(log(abs((exp(0.4679146) - 0.6261347))), X2) * X1))))) [likelihood params: Float32[]]"
22,542872,3201.3333,3201.3333,0.000579476,0.0011964972,0.98319274,0.87927306,3106.4033,4328.0176,36.828,Inf,27,"log(abs(pdiv(-41.266384, (abs((((0.09929309 * X2) - -0.44127548) + pdiv((-137.9837 + pdiv(X2, log(abs(1.0121691)))), X1))) ^ (pdiv(log(abs((exp(0.4679146) - 0.6261347))), X2) * X1))))) [likelihood params: Float32[]]"
23,569589,3156.173,3156.173,0.00056455034,0.001157359,0.98362565,0.8832221,2999.1245,4166.5723,38.706,Inf,50,"((X1 - pdiv(1.6949401, (abs(X2) ^ pdiv(log(abs((exp(0.4679146) - 0.6261347))), X2)))) * (((X2 - X1) - X1) - (abs(X1) ^ pdiv(-41.266384, (abs((((0.23306884 * X2) - 0.046797346) + pdiv((-140.964 + pdiv(X2, log(abs(1.0115012)))), X1))) ^ (pdiv(log(abs((exp((1.3727989e-5 * X1)) - 0.028828856))), X2) * X1)))))) [likelihood params: Float32[]]"
24,592061,2961.5881,2961.5881,0.0005353441,0.0012767174,0.98447275,0.8711788,2789.205,4658.926,38.728,Inf,55,"((X1 - pdiv(1.6949401, (abs(X2) ^ pdiv(log(abs((exp(0.4679146) - 0.6261347))), X2)))) * (((X2 - X1) - X1) - (abs((0.17747444 * X1)) ^ pdiv(((exp(0.52764785) - 0.5276472) - X2), (abs((((0.0012533875 * X1) - 0.053633913) + pdiv((-365.91815 + pdiv(X2, log(abs(1.005557)))), X1))) ^ (pdiv(log(abs((exp(0.46973625) - 0.6231895))), X2) * X1)))))) [likelihood params: Float32[]]"
25,621693,2961.5881,2961.5881,0.0005353441,0.0012767174,0.98447275,0.8711788,2789.205,4658.926,40.65,Inf,55,"((X1 - pdiv(1.6949401, (abs(X2) ^ pdiv(log(abs((exp(0.4679146) - 0.6261347))), X2)))) * (((X2 - X1) - X1) - (abs((0.17747444 * X1)) ^ pdiv(((exp(0.52764785) - 0.5276472) - X2), (abs((((0.0012533875 * X1) - 0.053633913) + pdiv((-365.91815 + pdiv(X2, log(abs(1.005557)))), X1))) ^ (pdiv(log(abs((exp(0.46973625) - 0.6231895))), X2) * X1)))))) [likelihood params: Float32[]]"
26,640835,2961.5881,2961.5881,0.0005353441,0.0012767174,0.98447275,0.8711788,2789.205,4658.926,39.492,Inf,55,"((X1 - pdiv(1.6949401, (abs(X2) ^ pdiv(log(abs((exp(0.4679146) - 0.6261347))), X2)))) * (((X2 - X1) - X1) - (abs((0.17747444 * X1)) ^ pdiv(((exp(0.52764785) - 0.5276472) - X2), (abs((((0.0012533875 * X1) - 0.053633913) + pdiv((-365.91815 + pdiv(X2, log(abs(1.005557)))), X1))) ^ (pdiv(log(abs((exp(0.46973625) - 0.6231895))), X2) * X1)))))) [likelihood params: Float32[]]"
27,655020,2961.5881,2961.5881,0.0005353441,0.0012767174,0.98447275,0.8711788,2789.205,4658.926,40.352,Inf,55,"((X1 - pdiv(1.6949401, (abs(X2) ^ pdiv(log(abs((exp(0.4679146) - 0.6261347))), X2)))) * (((X2 - X1) - X1) - (abs((0.17747444 * X1)) ^ pdiv(((exp(0.52764785) - 0.5276472) - X2), (abs((((0.0012533875 * X1) - 0.053633913) + pdiv((-365.91815 + pdiv(X2, log(abs(1.005557)))), X1))) ^ (pdiv(log(abs((exp(0.46973625) - 0.6231895))), X2) * X1)))))) [likelihood params: Float32[]]"
28,672186,2961.5881,2961.5881,0.0005353441,0.0012767174,0.98447275,0.8711788,2789.205,4658.926,39.06,Inf,55,"((X1 - pdiv(1.6949401, (abs(X2) ^ pdiv(log(abs((exp(0.4679146) - 0.6261347))), X2)))) * (((X2 - X1) - X1) - (abs((0.17747444 * X1)) ^ pdiv(((exp(0.52764785) - 0.5276472) - X2), (abs((((0.0012533875 * X1) - 0.053633913) + pdiv((-365.91815 + pdiv(X2, log(abs(1.005557)))), X1))) ^ (pdiv(log(abs((exp(0.46973625) - 0.6231895))), X2) * X1)))))) [likelihood params: Float32[]]"
29,691719,2943.1675,2943.1675,0.0005353441,0.0012767174,0.98447275,0.8711788,2789.205,4658.926,37.72,Inf,47,"((X1 - pdiv(1.6949401, 2.2858047)) * (((X2 - X1) - X1) - (abs((0.17747444 * X1)) ^ pdiv(((exp(0.52764785) - 0.5276472) - X2), (abs((((0.0012533875 * X1) - 0.053633913) + pdiv((-365.91815 + pdiv(X2, log(abs(1.005557)))), X1))) ^ (pdiv(log(abs((exp(0.46973625) - 0.6231895))), X2) * X1)))))) [likelihood params: Float32[]]"
30,710914,2940.865,2940.865,0.0005353441,0.0012767174,0.98447275,0.8711788,2789.205,4658.926,37.94,Inf,46,"((X1 - pdiv(1.6949401, 2.2858047)) * (((X2 - X1) - X1) - (abs((0.17747444 * X1)) ^ pdiv(((-0.7347064 - 0.5276472) - X2), (abs((((0.0012533875 * X1) - 0.053633913) + pdiv((-365.91815 + pdiv(X2, log(abs(1.005557)))), X1))) ^ (pdiv(log(abs((exp(0.46973625) - 0.6231895))), X2) * X1)))))) [likelihood params: Float32[]]"
31,744121,2940.865,2940.865,0.0005353441,0.0012767174,0.98447275,0.8711788,2789.205,4658.926,38.68,Inf,46,"((X1 - pdiv(1.6949401, 2.2858047)) * (((X2 - X1) - X1) - (abs((0.17747444 * X1)) ^ pdiv(((-0.7347064 - 0.5276472) - X2), (abs((((0.0012533875 * X1) - 0.053633913) + pdiv((-365.91815 + pdiv(X2, log(abs(1.005557)))), X1))) ^ (pdiv(log(abs((exp(0.46973625) - 0.6231895))), X2) * X1)))))) [likelihood params: Float32[]]"
32,772328,2917.839,2917.839,0.0005353441,0.0012767174,0.98447275,0.8711788,2789.205,4658.926,42.698,Inf,36,"exp((abs((0.17747444 * X1)) ^ pdiv(((exp(0.52764785) - 0.5276472) - X2), (abs((((0.0012533875 * X1) - 0.053633913) + pdiv((-365.91815 + pdiv(X2, log(abs(1.005557)))), X1))) ^ (pdiv(log(abs((exp(0.46973625) - 0.6231895))), X2) * X1))))) [likelihood params: Float32[]]"
33,798385,2906.3262,2906.3262,0.0005353441,0.0012767174,0.98447275,0.8711788,2789.205,4658.926,46.116,Inf,31,"exp((abs((0.17747444 * X1)) ^ pdiv(X2, (abs((((0.0012533875 * X1) - 0.053633913) + pdiv((-365.91815 + pdiv(X2, log(abs(1.005557)))), X1))) ^ (pdiv(log(abs((exp(0.46973625) - 0.6231895))), X2) * X1))))) [likelihood params: Float32[]]"
34,825342,1942.0708,1942.0708,0.00039428857,0.000591896,0.98856395,0.9402775,1775.3688,1834.0378,48.438,Inf,54,"((X1 - pdiv(1.6949401, exp(1.7195278))) * (((0.5276474 - X1) - X1) - (abs((0.17747444 * X1)) ^ pdiv(((exp(0.52764785) - 0.5276472) - X2), (abs((((0.033396006 * X2) - -0.7291378) + pdiv((-584.99243 + pdiv(X2, log(abs(1.0055406)))), X1))) ^ (pdiv(log(abs((exp(0.47259346) - 0.6186094))), ((X1 - (2.4280457 - X2)) - X1)) * X1)))))) [likelihood params: Float32[]]"
35,867957,1942.0708,1942.0708,0.00039428857,0.000591896,0.98856395,0.9402775,1775.3688,1834.0378,51.278,Inf,54,"((X1 - pdiv(1.6949401, exp(1.7195278))) * (((0.5276474 - X1) - X1) - (abs((0.17747444 * X1)) ^ pdiv(((exp(0.52764785) - 0.5276472) - X2), (abs((((0.033396006 * X2) - -0.7291378) + pdiv((-584.99243 + pdiv(X2, log(abs(1.0055406)))), X1))) ^ (pdiv(log(abs((exp(0.47259346) - 0.6186094))), ((X1 - (2.4280457 - X2)) - X1)) * X1)))))) [likelihood params: Float32[]]"
36,921701,1667.6078,1667.6078,0.00035477264,0.0005077692,0.9897101,0.94876593,1491.3478,1487.0146,55.824,Inf,54,"((X1 - pdiv(1.6949401, exp(1.7195278))) * (((0.5276474 - X1) - X1) - (abs((0.17747444 * X1)) ^ pdiv(((exp(0.52764785) - 0.5276472) - X2), (abs((((0.0005515055 * X1) - -0.48908347) + pdiv((-688.8543 + pdiv(X2, log(abs(1.0045226)))), X1))) ^ (pdiv(log(abs((exp(0.47270986) - 0.6184078))), ((X1 - (2.2611134 - X2)) - X1)) * X1)))))) [likelihood params: Float32[]]"
37,971621,1667.6078,1667.6078,0.00035477264,0.0005077692,0.9897101,0.94876593,1491.3478,1487.0146,58.424,Inf,54,"((X1 - pdiv(1.6949401, exp(1.7195278))) * (((0.5276474 - X1) - X1) - (abs((0.17747444 * X1)) ^ pdiv(((exp(0.52764785) - 0.5276472) - X2), (abs((((0.0005515055 * X1) - -0.48908347) + pdiv((-688.8543 + pdiv(X2, log(abs(1.0045226)))), X1))) ^ (pdiv(log(abs((exp(0.47270986) - 0.6184078))), ((X1 - (2.2611134 - X2)) - X1)) * X1)))))) [likelihood params: Float32[]]"
38,1039192,1660.7001,1660.7001,0.00035477264,0.0005077692,0.9897101,0.94876593,1491.3478,1487.0146,59.986,Inf,51,"((X1 - pdiv(1.6949401, exp(1.7195278))) * (((0.5276474 - X1) - X1) - (abs((0.17747444 * X1)) ^ pdiv(pdiv(X2, -34850.56), (abs((((0.0005515055 * X1) - -0.48908347) + pdiv((-688.8543 + pdiv(X2, log(abs(1.0045226)))), X1))) ^ (pdiv(log(abs((exp(0.47270986) - 0.6184078))), ((X1 - (2.2611134 - X2)) - X1)) * X1)))))) [likelihood params: Float32[]]"
39,1102319,1656.0948,1656.0948,0.00035477264,0.0005077692,0.9897101,0.94876593,1491.3478,1487.0146,63.532,Inf,49,"(114800.12 * (((0.5276474 - X1) - X1) - (abs((0.17747444 * X1)) ^ pdiv(((exp(0.52764785) - 0.5276472) - X2), (abs((((0.0005515055 * X1) - -0.48908347) + pdiv((-688.8543 + pdiv(X2, log(abs(1.0045226)))), X1))) ^ (pdiv(log(abs((exp(0.47270986) - 0.6184078))), ((X1 - (2.2611134 - X2)) - X1)) * X1)))))) [likelihood params: Float32[]]"
40,1156117,1656.0948,1656.0948,0.00035477264,0.0005077692,0.9897101,0.94876593,1491.3478,1487.0146,66.544,Inf,49,"(114800.12 * (((0.5276474 - X1) - X1) - (abs((0.17747444 * X1)) ^ pdiv(((exp(0.52764785) - 0.5276472) - X2), (abs((((0.0005515055 * X1) - -0.48908347) + pdiv((-688.8543 + pdiv(X2, log(abs(1.0045226)))), X1))) ^ (pdiv(log(abs((exp(0.47270986) - 0.6184078))), ((X1 - (2.2611134 - X2)) - X1)) * X1)))))) [likelihood params: Float32[]]"
41,1233833,1653.7922,1653.7922,0.00035477264,0.0005077692,0.9897101,0.94876593,1491.3478,1487.0146,68.014,Inf,48,"(114800.12 * (((0.5276474 - X1) - X1) - (abs((0.17747444 * X1)) ^ pdiv(((X2 - 0.5276472) - X2), (abs((((0.0005515055 * X1) - -0.48908347) + pdiv((-688.8543 + pdiv(X2, log(abs(1.0045226)))), X1))) ^ (pdiv(log(abs((exp(0.47270986) - 0.6184078))), ((X1 - (2.2611134 - X2)) - X1)) * X1)))))) [likelihood params: Float32[]]"
42,1298846,1646.8845,1646.8845,0.00035477264,0.0005077692,0.9897101,0.94876593,1491.3478,1487.0146,69.396,Inf,45,"(114800.12 * (-244.82976 - (abs((0.17747444 * X1)) ^ pdiv(((exp(0.52764785) - 0.5276472) - X2), (abs((((0.0005515055 * X1) - -0.48908347) + pdiv((-688.8543 + pdiv(X2, log(abs(1.0045226)))), X1))) ^ (pdiv(log(abs((exp(0.47270986) - 0.6184078))), ((X1 - (2.2611134 - X2)) - X1)) * X1)))))) [likelihood params: Float32[]]"
43,1415206,1642.2793,1642.2793,0.00035477264,0.0005077692,0.9897101,0.94876593,1491.3478,1487.0146,70.86,Inf,43,"(114800.12 * (-244.82976 - (abs(0.69791085) ^ pdiv(((exp(0.52764785) - 0.5276472) - X2), (abs((((0.0005515055 * X1) - -0.48908347) + pdiv((-688.8543 + pdiv(X2, log(abs(1.0045226)))), X1))) ^ (pdiv(log(abs((exp(0.47270986) - 0.6184078))), ((X1 - (2.2611134 - X2)) - X1)) * X1)))))) [likelihood params: Float32[]]"
44,1510935,1642.2793,1642.2793,0.00035477264,0.0005077692,0.9897101,0.94876593,1491.3478,1487.0146,69.562,Inf,43,"(114800.12 * (-244.82976 - (abs(0.69791085) ^ pdiv(((exp(0.52764785) - 0.5276472) - X2), (abs((((0.0005515055 * X1) - -0.48908347) + pdiv((-688.8543 + pdiv(X2, log(abs(1.0045226)))), X1))) ^ (pdiv(log(abs((exp(0.47270986) - 0.6184078))), ((X1 - (2.2611134 - X2)) - X1)) * X1)))))) [likelihood params: Float32[]]"
45,1608538,1640.658,1640.658,0.00035477374,0.00050773664,0.98971003,0.9487692,1491.3558,1486.8804,70.454,Inf,49,"((-161.46884 - pdiv(X1, pdiv(-13.905595, X2))) * (((0.5276474 - X1) - X1) - (abs((0.17747444 * X1)) ^ (0.47412807 + (abs((((-0.0005518127 * X1) - 0.4889655) + pdiv((688.5143 + (-221.53114 * X2)), X1))) ^ (pdiv(log(abs((exp(0.47279567) - 0.6185504))), ((X1 - (2.2603855 - X2)) - X1)) * X1)))))) [likelihood params: Float32[]]"
46,1740453,1640.658,1640.658,0.00035477374,0.00050773664,0.98971003,0.9487692,1491.3558,1486.8804,72.524,Inf,49,"((-161.46884 - pdiv(X1, pdiv(-13.905595, X2))) * (((0.5276474 - X1) - X1) - (abs((0.17747444 * X1)) ^ (0.47412807 + (abs((((-0.0005518127 * X1) - 0.4889655) + pdiv((688.5143 + (-221.53114 * X2)), X1))) ^ (pdiv(log(abs((exp(0.47279567) - 0.6185504))), ((X1 - (2.2603855 - X2)) - X1)) * X1)))))) [likelihood params: Float32[]]"
47,1836242,1640.658,1640.658,0.00035477374,0.00050773664,0.98971003,0.9487692,1491.3558,1486.8804,71.72,Inf,49,"((-161.46884 - pdiv(X1, pdiv(-13.905595, X2))) * (((0.5276474 - X1) - X1) - (abs((0.17747444 * X1)) ^ (0.47412807 + (abs((((-0.0005518127 * X1) - 0.4889655) + pdiv((688.5143 + (-221.53114 * X2)), X1))) ^ (pdiv(log(abs((exp(0.47279567) - 0.6185504))), ((X1 - (2.2603855 - X2)) - X1)) * X1)))))) [likelihood params: Float32[]]"
48,1952285,1631.4476,1631.4476,0.00035477374,0.00050773664,0.98971003,0.9487692,1491.3558,1486.8804,71.668,Inf,45,"((-161.46884 - 1.7183557) * (((0.5276474 - X1) - X1) - (abs((0.17747444 * X1)) ^ (0.47412807 + (abs((((-0.0005518127 * X1) - 0.4889655) + pdiv((688.5143 + (-221.53114 * X2)), X1))) ^ (pdiv(log(abs((exp(0.47279567) - 0.6185504))), ((X1 - (2.2603855 - X2)) - X1)) * X1)))))) [likelihood params: Float32[]]"
49,2047349,1631.4476,1631.4476,0.00035477374,0.00050773664,0.98971003,0.9487692,1491.3558,1486.8804,72.822,Inf,45,"((-161.46884 - 1.7183557) * (((0.5276474 - X1) - X1) - (abs((0.17747444 * X1)) ^ (0.47412807 + (abs((((-0.0005518127 * X1) - 0.4889655) + pdiv((688.5143 + (-221.53114 * X2)), X1))) ^ (pdiv(log(abs((exp(0.47279567) - 0.6185504))), ((X1 - (2.2603855 - X2)) - X1)) * X1)))))) [likelihood params: Float32[]]"
50,2132852,1631.4476,1631.4476,0.00035477374,0.00050773664,0.98971003,0.9487692,1491.3558,1486.8804,72.022,Inf,45,"((-161.46884 - 1.7183557) * (((0.5276474 - X1) - X1) - (abs((0.17747444 * X1)) ^ (0.47412807 + (abs((((-0.0005518127 * X1) - 0.4889655) + pdiv((688.5143 + (-221.53114 * X2)), X1))) ^ (pdiv(log(abs((exp(0.47279567) - 0.6185504))), ((X1 - (2.2603855 - X2)) - X1)) * X1)))))) [likelihood params: Float32[]]"
51,2198278,1631.4476,1631.4476,0.00035477374,0.00050773664,0.98971003,0.9487692,1491.3558,1486.8804,73.936,Inf,45,"((-161.46884 - 1.7183557) * (((0.5276474 - X1) - X1) - (abs((0.17747444 * X1)) ^ (0.47412807 + (abs((((-0.0005518127 * X1) - 0.4889655) + pdiv((688.5143 + (-221.53114 * X2)), X1))) ^ (pdiv(log(abs((exp(0.47279567) - 0.6185504))), ((X1 - (2.2603855 - X2)) - X1)) * X1)))))) [likelihood params: Float32[]]"
52,2290534,1631.4476,1631.4476,0.00035477374,0.00050773664,0.98971003,0.9487692,1491.3558,1486.8804,73.192,Inf,45,"((-161.46884 - 1.7183557) * (((0.5276474 - X1) - X1) - (abs((0.17747444 * X1)) ^ (0.47412807 + (abs((((-0.0005518127 * X1) - 0.4889655) + pdiv((688.5143 + (-221.53114 * X2)), X1))) ^ (pdiv(log(abs((exp(0.47279567) - 0.6185504))), ((X1 - (2.2603855 - X2)) - X1)) * X1)))))) [likelihood params: Float32[]]"
53,2376331,1631.4476,1631.4476,0.00035477374,0.00050773664,0.98971003,0.9487692,1491.3558,1486.8804,73.116,Inf,45,"((-161.46884 - 1.7183557) * (((0.5276474 - X1) - X1) - (abs((0.17747444 * X1)) ^ (0.47412807 + (abs((((-0.0005518127 * X1) - 0.4889655) + pdiv((688.5143 + (-221.53114 * X2)), X1))) ^ (pdiv(log(abs((exp(0.47279567) - 0.6185504))), ((X1 - (2.2603855 - X2)) - X1)) * X1)))))) [likelihood params: Float32[]]"
54,2448172,1631.4476,1631.4476,0.00035477374,0.00050773664,0.98971003,0.9487692,1491.3558,1486.8804,73.852,Inf,45,"((-161.46884 - 1.7183557) * (((0.5276474 - X1) - X1) - (abs((0.17747444 * X1)) ^ (0.47412807 + (abs((((-0.0005518127 * X1) - 0.4889655) + pdiv((688.5143 + (-221.53114 * X2)), X1))) ^ (pdiv(log(abs((exp(0.47279567) - 0.6185504))), ((X1 - (2.2603855 - X2)) - X1)) * X1)))))) [likelihood params: Float32[]]"
55,2508420,1631.4476,1631.4476,0.00035477374,0.00050773664,0.98971003,0.9487692,1491.3558,1486.8804,72.7,Inf,45,"((-161.46884 - 1.7183557) * (((0.5276474 - X1) - X1) - (abs((0.17747444 * X1)) ^ (0.47412807 + (abs((((-0.0005518127 * X1) - 0.4889655) + pdiv((688.5143 + (-221.53114 * X2)), X1))) ^ (pdiv(log(abs((exp(0.47279567) - 0.6185504))), ((X1 - (2.2603855 - X2)) - X1)) * X1)))))) [likelihood params: Float32[]]"
56,2569863,1491.5833,1491.5833,0.00031661475,0.0005145572,0.99081683,0.948081,1217.088,1515.0151,73.016,Inf,91,"((X1 - pdiv(294147.25, (abs(X1) ^ pdiv(((X1 - X1) - (abs(-10.803247) ^ (X1 * X1))), -5.184276)))) * (((0.19420478 - X1) - X1) - (X2 * pdiv((abs((abs(X1) ^ (abs(pdiv(log(abs(X1)), X2)) ^ log(abs(((pdiv(X2, -5.330367e6) * 156110.31) - 0.62513876)))))) ^ (abs((7.1019006 + pdiv(-0.029790983, 1068.3594))) ^ (abs(pdiv(log(abs(((X1 - X1) - X1))), X1)) ^ 0.5276474))), (abs((((0.00043045767 * X1) - -0.6127658) + pdiv((-593.6446 + pdiv(X2, log(abs(1.0053818)))), X1))) ^ (pdiv(log(abs((exp(0.47300187) - 0.6179366))), (((0.9142071 * X2) - 2.3558242) + pdiv(3.675183, X1))) * X1)))))) [likelihood params: Float32[]]"
57,2662159,1494.5316,1494.5316,0.00031661463,0.00051455863,0.99081683,0.94808084,1217.0873,1515.0212,70.444,Inf,91,"((X1 - pdiv(294147.25, (abs(X1) ^ pdiv(((X1 - X1) - (abs(-10.803247) ^ (X1 * X1))), -5.184276)))) * (((0.19420478 - X1) - X1) - (X2 * pdiv((abs((abs(X1) ^ (abs(pdiv(log(abs(X1)), X2)) ^ log(abs(((pdiv(X2, -5.330367e6) * 156110.31) - 0.62513876)))))) ^ (abs((7.1019006 + pdiv(-0.029790983, 1068.3594))) ^ (abs(pdiv(log(abs(((X1 - X1) - X1))), X1)) ^ 0.5276474))), (abs((((0.0004304576 * X1) - -0.61276585) + pdiv((-593.64453 + pdiv(X2, log(abs(1.0053818)))), X1))) ^ (pdiv(log(abs((exp(0.47300187) - 0.6179366))), (((0.91420704 * X2) - 2.3558245) + pdiv(3.6751823, X1))) * X1)))))) [likelihood params: Float32[]]"
58,2725281,1423.1515,1423.1515,0.00031661463,0.00051455863,0.99081683,0.94808084,1217.0873,1515.0212,70.434,Inf,60,"((X1 - pdiv(294147.25, (abs(X1) ^ pdiv(((X1 - X1) - (abs(-10.803247) ^ (X1 * X1))), -5.184276)))) * (((0.19420478 - X1) - X1) - (X2 * pdiv(319.6805, (abs((((0.0004304576 * X1) - -0.61276585) + pdiv((-593.64453 + pdiv(X2, log(abs(1.0053818)))), X1))) ^ (pdiv(log(abs((exp(0.47300187) - 0.6179366))), (((0.91420704 * X2) - 2.3558245) + pdiv(3.6751823, X1))) * X1)))))) [likelihood params: Float32[]]"
59,2815788,1423.1515,1423.1515,0.00031661463,0.00051455863,0.99081683,0.94808084,1217.0873,1515.0212,71.324,Inf,60,"((X1 - pdiv(294147.25, (abs(X1) ^ pdiv(((X1 - X1) - (abs(-10.803247) ^ (X1 * X1))), -5.184276)))) * (((0.19420478 - X1) - X1) - (X2 * pdiv(319.6805, (abs((((0.0004304576 * X1) - -0.61276585) + pdiv((-593.64453 + pdiv(X2, log(abs(1.0053818)))), X1))) ^ (pdiv(log(abs((exp(0.47300187) - 0.6179366))), (((0.91420704 * X2) - 2.3558245) + pdiv(3.6751823, X1))) * X1)))))) [likelihood params: Float32[]]"
60,2897684,1418.5463,1418.5463,0.00031661463,0.00051455863,0.99081683,0.94808084,1217.0873,1515.0212,72.046,Inf,58,"((X1 - pdiv(294147.25, (abs(X1) ^ pdiv(((X1 - X1) - (abs(-10.803247) ^ X1)), -5.184276)))) * (((0.19420478 - X1) - X1) - (X2 * pdiv(319.6805, (abs((((0.0004304576 * X1) - -0.61276585) + pdiv((-593.64453 + pdiv(X2, log(abs(1.0053818)))), X1))) ^ (pdiv(log(abs((exp(0.47300187) - 0.6179366))), (((0.91420704 * X2) - 2.3558245) + pdiv(3.6751823, X1))) * X1)))))) [likelihood params: Float32[]]"
61,2945077,1418.5463,1418.5463,0.00031661463,0.00051455863,0.99081683,0.94808084,1217.0873,1515.0212,70.486,Inf,58,"((X1 - pdiv(294147.25, (abs(X1) ^ pdiv(((X1 - X1) - (abs(-10.803247) ^ X1)), -5.184276)))) * (((0.19420478 - X1) - X1) - (X2 * pdiv(319.6805, (abs((((0.0004304576 * X1) - -0.61276585) + pdiv((-593.64453 + pdiv(X2, log(abs(1.0053818)))), X1))) ^ (pdiv(log(abs((exp(0.47300187) - 0.6179366))), (((0.91420704 * X2) - 2.3558245) + pdiv(3.6751823, X1))) * X1)))))) [likelihood params: Float32[]]"
62,3010845,1388.6127,1388.6127,0.00031661463,0.00051455863,0.99081683,0.94808084,1217.0873,1515.0212,67.954,Inf,45,"(log(abs(370866.0)) * (((0.19420478 - X1) - X1) - (X2 * pdiv(319.6805, (abs((((0.0004304576 * X1) - -0.61276585) + pdiv((-593.64453 + pdiv(X2, log(abs(1.0053818)))), X1))) ^ (pdiv(log(abs((exp(0.47300187) - 0.6179366))), (((0.91420704 * X2) - 2.3558245) + pdiv(3.6751823, X1))) * X1)))))) [likelihood params: Float32[]]"
63,3118678,1388.6127,1388.6127,0.00031661463,0.00051455863,0.99081683,0.94808084,1217.0873,1515.0212,67.802,Inf,45,"(log(abs(370866.0)) * (((0.19420478 - X1) - X1) - (X2 * pdiv(319.6805, (abs((((0.0004304576 * X1) - -0.61276585) + pdiv((-593.64453 + pdiv(X2, log(abs(1.0053818)))), X1))) ^ (pdiv(log(abs((exp(0.47300187) - 0.6179366))), (((0.91420704 * X2) - 2.3558245) + pdiv(3.6751823, X1))) * X1)))))) [likelihood params: Float32[]]"
64,3208348,1381.705,1381.705,0.00031661463,0.00051455863,0.99081683,0.94808084,1217.0873,1515.0212,66.6,Inf,42,"(0.61662084 * ((-0.8642293 - X1) - (X2 * pdiv(319.6805, (abs((((0.0004304576 * X1) - -0.61276585) + pdiv((-593.64453 + pdiv(X2, log(abs(1.0053818)))), X1))) ^ (pdiv(log(abs((exp(0.47300187) - 0.6179366))), (((0.91420704 * X2) - 2.3558245) + pdiv(3.6751823, X1))) * X1)))))) [likelihood params: Float32[]]"
65,3300130,1245.2172,1245.2172,0.0002807777,0.00040285385,0.9918563,0.9593519,959.50916,1054.239,68.806,Inf,54,"(0.61662084 * ((-0.8642293 - X1) - (X2 * pdiv(319.6805, (abs(((((-0.14545666 * X2) - -2.8103383) + pdiv((-5.3124876 + pdiv(pdiv(-4.932992e9, -1.7206566e9), (X1 * 4.1717345e9))), X2)) + pdiv((-234.13914 + pdiv(X2, log(abs(1.0127522)))), X1))) ^ (pdiv(log(abs((exp(0.47285685) - 0.62134534))), (((0.82835615 * X2) - 2.1727865) + pdiv(6.6587615, X1))) * X1)))))) [likelihood params: Float32[]]"
66,3399909,1236.3912,1236.3912,0.0002807009,0.0004019481,0.9918585,0.95944333,958.95715,1050.5028,69.994,Inf,54,"(0.61662084 * ((-0.8642293 - X1) - (X2 * pdiv(319.6805, (abs(((((-0.14546229 * X2) - -2.8103116) + pdiv((-5.3126106 + pdiv(pdiv(-4.932992e9, -1.7206566e9), (X1 * 4.1717345e9))), X2)) + pdiv((-234.15013 + pdiv(X2, log(abs(1.0127525)))), X1))) ^ (pdiv(log(abs((exp(0.4728574) - 0.6213445))), (((0.8283789 * X2) - 2.172672) + pdiv(6.6610146, X1))) * X1)))))) [likelihood params: Float32[]]"
67,3492605,1245.8143,1245.8143,0.00028067562,0.00040142427,0.9918592,0.95949614,958.7755,1048.342,70.982,Inf,54,"(0.61662084 * ((-0.8642293 - X1) - (X2 * pdiv(319.6805, (abs(((((-0.14546536 * X2) - -2.8102968) + pdiv((-5.3126802 + pdiv(pdiv(-4.932992e9, -1.7206566e9), (X1 * 4.1717345e9))), X2)) + pdiv((-234.15694 + pdiv(X2, log(abs(1.0127528)))), X1))) ^ (pdiv(log(abs((exp(0.47285765) - 0.62134403))), (((0.8283917 * X2) - 2.1726053) + pdiv(6.6622252, X1))) * X1)))))) [likelihood params: Float32[]]"
68,3610435,1240.5527,1240.5527,0.00028066715,0.0004011398,0.99185944,0.95952487,958.71484,1047.1686,70.402,Inf,54,"(0.61662084 * ((-0.8642293 - X1) - (X2 * pdiv(319.6805, (abs(((((-0.14546694 * X2) - -2.810289) + pdiv((-5.3127184 + pdiv(pdiv(-4.932992e9, -1.7206566e9), (X1 * 4.1717345e9))), X2)) + pdiv((-234.16127 + pdiv(X2, log(abs(1.0127529)))), X1))) ^ (pdiv(log(abs((exp(0.4728578) - 0.6213438))), (((0.8283986 * X2) - 2.1725664) + pdiv(6.662827, X1))) * X1)))))) [likelihood params: Float32[]]"
69,3698013,1241.4172,1241.4172,0.000280665,0.00040096088,0.9918595,0.95954293,958.6992,1046.4304,72.468,Inf,54,"(0.61662084 * ((-0.8642293 - X1) - (X2 * pdiv(319.6805, (abs(((((-0.1454677 * X2) - -2.8102849) + pdiv((-5.31274 + pdiv(pdiv(-4.932992e9, -1.7206566e9), (X1 * 4.1717345e9))), X2)) + pdiv((-234.16426 + pdiv(X2, log(abs(1.012753)))), X1))) ^ (pdiv(log(abs((exp(0.47285786) - 0.6213437))), (((0.82840234 * X2) - 2.1725428) + pdiv(6.6631002, X1))) * X1)))))) [likelihood params: Float32[]]"
70,3847011,1244.2272,1244.2272,0.0002806635,0.0004008349,0.99185956,0.9595556,958.6885,1045.9108,71.878,Inf,54,"(0.61662084 * ((-0.8642293 - X1) - (X2 * pdiv(319.6805, (abs(((((-0.145468 * X2) - -2.810283) + pdiv((-5.3127513 + pdiv(pdiv(-4.932992e9, -1.7206566e9), (X1 * 4.1717345e9))), X2)) + pdiv((-234.16647 + pdiv(X2, log(abs(1.0127531)))), X1))) ^ (pdiv(log(abs((exp(0.47285786) - 0.6213437))), (((0.8284043 * X2) - 2.1725278) + pdiv(6.663194, X1))) * X1)))))) [likelihood params: Float32[]]"
71,3978104,1242.6812,1242.6812,0.0002806632,0.0004007894,0.99185956,0.9595602,958.6864,1045.7231,73.672,Inf,54,"(0.61662084 * ((-0.8642293 - X1) - (X2 * pdiv(319.6805, (abs(((((-0.145468 * X2) - -2.8102825) + pdiv((-5.3127565 + pdiv(pdiv(-4.932992e9, -1.7206566e9), (X1 * 4.1717345e9))), X2)) + pdiv((-234.16817 + pdiv(X2, log(abs(1.0127531)))), X1))) ^ (pdiv(log(abs((exp(0.47285786) - 0.6213437))), (((0.82840514 * X2) - 2.1725183) + pdiv(6.663177, X1))) * X1)))))) [likelihood params: Float32[]]"
72,4095659,1241.9617,1241.9617,0.00028066302,0.00040075774,0.99185956,0.95956343,958.68494,1045.5925,72.944,Inf,54,"(0.61662084 * ((-0.8642293 - X1) - (X2 * pdiv(319.6805, (abs(((((-0.1454679 * X2) - -2.8102825) + pdiv((-5.31276 + pdiv(pdiv(-4.932992e9, -1.7206566e9), (X1 * 4.1717345e9))), X2)) + pdiv((-234.16968 + pdiv(X2, log(abs(1.0127531)))), X1))) ^ (pdiv(log(abs((exp(0.47285783) - 0.62134373))), (((0.8284056 * X2) - 2.1725106) + pdiv(6.6631193, X1))) * X1)))))) [likelihood params: Float32[]]"
73,4235382,1241.9617,1241.9617,0.00028066302,0.00040075774,0.99185956,0.95956343,958.68494,1045.5925,74.492,Inf,54,"(0.61662084 * ((-0.8642293 - X1) - (X2 * pdiv(319.6805, (abs(((((-0.1454679 * X2) - -2.8102825) + pdiv((-5.31276 + pdiv(pdiv(-4.932992e9, -1.7206566e9), (X1 * 4.1717345e9))), X2)) + pdiv((-234.16968 + pdiv(X2, log(abs(1.0127531)))), X1))) ^ (pdiv(log(abs((exp(0.47285783) - 0.62134373))), (((0.8284056 * X2) - 2.1725106) + pdiv(6.6631193, X1))) * X1)))))) [likelihood params: Float32[]]"
74,4358344,1241.9617,1241.9617,0.00028066302,0.00040075774,0.99185956,0.95956343,958.68494,1045.5925,78.496,Inf,54,"(0.61662084 * ((-0.8642293 - X1) - (X2 * pdiv(319.6805, (abs(((((-0.1454679 * X2) - -2.8102825) + pdiv((-5.31276 + pdiv(pdiv(-4.932992e9, -1.7206566e9), (X1 * 4.1717345e9))), X2)) + pdiv((-234.16968 + pdiv(X2, log(abs(1.0127531)))), X1))) ^ (pdiv(log(abs((exp(0.47285783) - 0.62134373))), (((0.8284056 * X2) - 2.1725106) + pdiv(6.6631193, X1))) * X1)))))) [likelihood params: Float32[]]"
75,4541027,1241.9617,1241.9617,0.00028066302,0.00040075774,0.99185956,0.95956343,958.68494,1045.5925,77.818,Inf,54,"(0.61662084 * ((-0.8642293 - X1) - (X2 * pdiv(319.6805, (abs(((((-0.1454679 * X2) - -2.8102825) + pdiv((-5.31276 + pdiv(pdiv(-4.932992e9, -1.7206566e9), (X1 * 4.1717345e9))), X2)) + pdiv((-234.16968 + pdiv(X2, log(abs(1.0127531)))), X1))) ^ (pdiv(log(abs((exp(0.47285783) - 0.62134373))), (((0.8284056 * X2) - 2.1725106) + pdiv(6.6631193, X1))) * X1)))))) [likelihood params: Float32[]]"
76,4680583,1241.9617,1241.9617,0.00028066302,0.00040075774,0.99185956,0.95956343,958.68494,1045.5925,77.46,Inf,54,"(0.61662084 * ((-0.8642293 - X1) - (X2 * pdiv(319.6805, (abs(((((-0.1454679 * X2) - -2.8102825) + pdiv((-5.31276 + pdiv(pdiv(-4.932992e9, -1.7206566e9), (X1 * 4.1717345e9))), X2)) + pdiv((-234.16968 + pdiv(X2, log(abs(1.0127531)))), X1))) ^ (pdiv(log(abs((exp(0.47285783) - 0.62134373))), (((0.8284056 * X2) - 2.1725106) + pdiv(6.6631193, X1))) * X1)))))) [likelihood params: Float32[]]"
77,4796870,1241.9617,1241.9617,0.00028066302,0.00040075774,0.99185956,0.95956343,958.68494,1045.5925,77.22,Inf,54,"(0.61662084 * ((-0.8642293 - X1) - (X2 * pdiv(319.6805, (abs(((((-0.1454679 * X2) - -2.8102825) + pdiv((-5.31276 + pdiv(pdiv(-4.932992e9, -1.7206566e9), (X1 * 4.1717345e9))), X2)) + pdiv((-234.16968 + pdiv(X2, log(abs(1.0127531)))), X1))) ^ (pdiv(log(abs((exp(0.47285783) - 0.62134373))), (((0.8284056 * X2) - 2.1725106) + pdiv(6.6631193, X1))) * X1)))))) [likelihood params: Float32[]]"
78,4943030,1241.9617,1241.9617,0.00028066302,0.00040075774,0.99185956,0.95956343,958.68494,1045.5925,78.9,Inf,54,"(0.61662084 * ((-0.8642293 - X1) - (X2 * pdiv(319.6805, (abs(((((-0.1454679 * X2) - -2.8102825) + pdiv((-5.31276 + pdiv(pdiv(-4.932992e9, -1.7206566e9), (X1 * 4.1717345e9))), X2)) + pdiv((-234.16968 + pdiv(X2, log(abs(1.0127531)))), X1))) ^ (pdiv(log(abs((exp(0.47285783) - 0.62134373))), (((0.8284056 * X2) - 2.1725106) + pdiv(6.6631193, X1))) * X1)))))) [likelihood params: Float32[]]"
79,5067663,1223.0715,1223.0715,0.00028066302,0.00040075774,0.99185956,0.95956343,958.68494,1045.5925,79.488,Inf,56,"(0.61662084 * ((-0.8642293 - X1) - (X2 * pdiv(319.6805, (abs(((((-0.1454679 * X2) - -2.8102825) + pdiv((-5.31276 + pdiv(pdiv((0.43167782 + -7301.5986), -1.7206566e9), (X1 * 4.1717345e9))), X2)) + pdiv((-234.16968 + pdiv(X2, log(abs(1.0127531)))), X1))) ^ (pdiv(log(abs((exp(0.47285783) - 0.62134373))), (((0.8284056 * X2) - 2.1725106) + pdiv(6.6631193, X1))) * X1)))))) [likelihood params: Float32[]]"
80,5212475,1223.0715,1223.0715,0.00028066302,0.00040075774,0.99185956,0.95956343,958.68494,1045.5925,78.958,Inf,56,"(0.61662084 * ((-0.8642293 - X1) - (X2 * pdiv(319.6805, (abs(((((-0.1454679 * X2) - -2.8102825) + pdiv((-5.31276 + pdiv(pdiv((0.43167782 + -7301.5986), -1.7206566e9), (X1 * 4.1717345e9))), X2)) + pdiv((-234.16968 + pdiv(X2, log(abs(1.0127531)))), X1))) ^ (pdiv(log(abs((exp(0.47285783) - 0.62134373))), (((0.8284056 * X2) - 2.1725106) + pdiv(6.6631193, X1))) * X1)))))) [likelihood params: Float32[]]"
81,5353235,1223.0715,1223.0715,0.00028066302,0.00040075774,0.99185956,0.95956343,958.68494,1045.5925,78.292,Inf,56,"(0.61662084 * ((-0.8642293 - X1) - (X2 * pdiv(319.6805, (abs(((((-0.1454679 * X2) - -2.8102825) + pdiv((-5.31276 + pdiv(pdiv((0.43167782 + -7301.5986), -1.7206566e9), (X1 * 4.1717345e9))), X2)) + pdiv((-234.16968 + pdiv(X2, log(abs(1.0127531)))), X1))) ^ (pdiv(log(abs((exp(0.47285783) - 0.62134373))), (((0.8284056 * X2) - 2.1725106) + pdiv(6.6631193, X1))) * X1)))))) [likelihood params: Float32[]]"
82,5536249,1223.0715,1223.0715,0.00028066302,0.00040075774,0.99185956,0.95956343,958.68494,1045.5925,79.78,Inf,56,"(0.61662084 * ((-0.8642293 - X1) - (X2 * pdiv(319.6805, (abs(((((-0.1454679 * X2) - -2.8102825) + pdiv((-5.31276 + pdiv(pdiv((0.43167782 + -7301.5986), -1.7206566e9), (X1 * 4.1717345e9))), X2)) + pdiv((-234.16968 + pdiv(X2, log(abs(1.0127531)))), X1))) ^ (pdiv(log(abs((exp(0.47285783) - 0.62134373))), (((0.8284056 * X2) - 2.1725106) + pdiv(6.6631193, X1))) * X1)))))) [likelihood params: Float32[]]"
83,5723853,1210.2068,1210.2068,0.00028066302,0.00040075774,0.99185956,0.95956343,958.68494,1045.5925,78.25,Inf,56,"(0.61662084 * ((-0.8642293 - X1) - (X2 * pdiv(319.6805, (abs(((((-0.1454679 * X2) - -2.8102825) + pdiv((-5.31276 + pdiv(pdiv((0.43167782 + (X2 - X1)), -1.7206566e9), X1)), X2)) + pdiv((-234.16968 + pdiv(X2, log(abs(1.0127531)))), X1))) ^ (pdiv(log(abs((exp(0.47285783) - 0.62134373))), (((0.8284056 * X2) - 2.1725106) + pdiv(6.6631193, X1))) * X1)))))) [likelihood params: Float32[]]"
84,5856537,1210.2068,1210.2068,0.00028066302,0.00040075774,0.99185956,0.95956343,958.68494,1045.5925,76.498,Inf,56,"(0.61662084 * ((-0.8642293 - X1) - (X2 * pdiv(319.6805, (abs(((((-0.1454679 * X2) - -2.8102825) + pdiv((-5.31276 + pdiv(pdiv((0.43167782 + (X2 - X1)), -1.7206566e9), X1)), X2)) + pdiv((-234.16968 + pdiv(X2, log(abs(1.0127531)))), X1))) ^ (pdiv(log(abs((exp(0.47285783) - 0.62134373))), (((0.8284056 * X2) - 2.1725106) + pdiv(6.6631193, X1))) * X1)))))) [likelihood params: Float32[]]"
85,6021967,1210.2068,1210.2068,0.00028066302,0.00040075774,0.99185956,0.95956343,958.68494,1045.5925,75.51,Inf,56,"(0.61662084 * ((-0.8642293 - X1) - (X2 * pdiv(319.6805, (abs(((((-0.1454679 * X2) - -2.8102825) + pdiv((-5.31276 + pdiv(pdiv((0.43167782 + (X2 - X1)), -1.7206566e9), X1)), X2)) + pdiv((-234.16968 + pdiv(X2, log(abs(1.0127531)))), X1))) ^ (pdiv(log(abs((exp(0.47285783) - 0.62134373))), (((0.8284056 * X2) - 2.1725106) + pdiv(6.6631193, X1))) * X1)))))) [likelihood params: Float32[]]"
86,6185095,1210.2068,1210.2068,0.00028066302,0.00040075774,0.99185956,0.95956343,958.68494,1045.5925,74.36,Inf,56,"(0.61662084 * ((-0.8642293 - X1) - (X2 * pdiv(319.6805, (abs(((((-0.1454679 * X2) - -2.8102825) + pdiv((-5.31276 + pdiv(pdiv((0.43167782 + (X2 - X1)), -1.7206566e9), X1)), X2)) + pdiv((-234.16968 + pdiv(X2, log(abs(1.0127531)))), X1))) ^ (pdiv(log(abs((exp(0.47285783) - 0.62134373))), (((0.8284056 * X2) - 2.1725106) + pdiv(6.6631193, X1))) * X1)))))) [likelihood params: Float32[]]"
87,6347793,1210.2068,1210.2068,0.00028066302,0.00040075774,0.99185956,0.95956343,958.68494,1045.5925,74.058,Inf,56,"(0.61662084 * ((-0.8642293 - X1) - (X2 * pdiv(319.6805, (abs(((((-0.1454679 * X2) - -2.8102825) + pdiv((-5.31276 + pdiv(pdiv((0.43167782 + (X2 - X1)), -1.7206566e9), X1)), X2)) + pdiv((-234.16968 + pdiv(X2, log(abs(1.0127531)))), X1))) ^ (pdiv(log(abs((exp(0.47285783) - 0.62134373))), (((0.8284056 * X2) - 2.1725106) + pdiv(6.6631193, X1))) * X1)))))) [likelihood params: Float32[]]"
88,6511823,1210.2068,1210.2068,0.00028066302,0.00040075774,0.99185956,0.95956343,958.68494,1045.5925,73.32,Inf,56,"(0.61662084 * ((-0.8642293 - X1) - (X2 * pdiv(319.6805, (abs(((((-0.1454679 * X2) - -2.8102825) + pdiv((-5.31276 + pdiv(pdiv((0.43167782 + (X2 - X1)), -1.7206566e9), X1)), X2)) + pdiv((-234.16968 + pdiv(X2, log(abs(1.0127531)))), X1))) ^ (pdiv(log(abs((exp(0.47285783) - 0.62134373))), (((0.8284056 * X2) - 2.1725106) + pdiv(6.6631193, X1))) * X1)))))) [likelihood params: Float32[]]"
89,6657743,1210.2068,1210.2068,0.00028066302,0.00040075774,0.99185956,0.95956343,958.68494,1045.5925,72.58,Inf,56,"(0.61662084 * ((-0.8642293 - X1) - (X2 * pdiv(319.6805, (abs(((((-0.1454679 * X2) - -2.8102825) + pdiv((-5.31276 + pdiv(pdiv((0.43167782 + (X2 - X1)), -1.7206566e9), X1)), X2)) + pdiv((-234.16968 + pdiv(X2, log(abs(1.0127531)))), X1))) ^ (pdiv(log(abs((exp(0.47285783) - 0.62134373))), (((0.8284056 * X2) - 2.1725106) + pdiv(6.6631193, X1))) * X1)))))) [likelihood params: Float32[]]"
90,6784716,1210.2068,1210.2068,0.00028066302,0.00040075774,0.99185956,0.95956343,958.68494,1045.5925,73.574,Inf,56,"(0.61662084 * ((-0.8642293 - X1) - (X2 * pdiv(319.6805, (abs(((((-0.1454679 * X2) - -2.8102825) + pdiv((-5.31276 + pdiv(pdiv((0.43167782 + (X2 - X1)), -1.7206566e9), X1)), X2)) + pdiv((-234.16968 + pdiv(X2, log(abs(1.0127531)))), X1))) ^ (pdiv(log(abs((exp(0.47285783) - 0.62134373))), (((0.8284056 * X2) - 2.1725106) + pdiv(6.6631193, X1))) * X1)))))) [likelihood params: Float32[]]"
91,6956093,1210.2068,1210.2068,0.00028066302,0.00040075774,0.99185956,0.95956343,958.68494,1045.5925,73.694,Inf,56,"(0.61662084 * ((-0.8642293 - X1) - (X2 * pdiv(319.6805, (abs(((((-0.1454679 * X2) - -2.8102825) + pdiv((-5.31276 + pdiv(pdiv((0.43167782 + (X2 - X1)), -1.7206566e9), X1)), X2)) + pdiv((-234.16968 + pdiv(X2, log(abs(1.0127531)))), X1))) ^ (pdiv(log(abs((exp(0.47285783) - 0.62134373))), (((0.8284056 * X2) - 2.1725106) + pdiv(6.6631193, X1))) * X1)))))) [likelihood params: Float32[]]"
92,7103694,1046.6382,1046.6382,0.00025890392,0.00077379774,0.9924907,0.9219235,802.2916,2584.3826,74.572,Inf,84,"(((-0.00096408103 * X1) - -0.009819017) * (((pdiv(X2, X2) - (abs(X2) ^ pdiv((-0.006405417 * X1), (abs(((log(abs((exp(0.48251408) - ((0.71428776 * -1.3589984e6) - 3.8572993)))) - -0.009819017) + exp(0.47608492))) ^ (X2 * -1.7206566e9))))) - -262.42722) - (X2 * pdiv((exp(294147.25) - 1.0142295), (abs((((0.0015546094 * X1) - 0.30196527) + pdiv((-853.89294 + pdiv(X2, log(abs(1.0033756)))), X1))) ^ (pdiv(log(abs((exp(0.29018825) - 0.8875107))), (((X2 * X2) - -10.351073) + pdiv(2410.2883, X1))) * pdiv((X1 + pdiv(254.02943, (4.33035 * 0.82869595))), X2))))))) [likelihood params: Float32[]]"
93,7286156,1050.4236,1050.4236,0.00025890375,0.0007737312,0.9924907,0.92193025,802.2903,2584.108,73.248,Inf,84,"(((-0.00096408103 * X1) - -0.009819017) * (((pdiv(X2, X2) - (abs(X2) ^ pdiv((-0.006405417 * X1), (abs(((log(abs((exp(0.48251408) - ((0.71428776 * -1.3589984e6) - 3.8572993)))) - -0.009819017) + exp(0.47608492))) ^ (X2 * -1.7206566e9))))) - -262.42722) - (X2 * pdiv((exp(294147.25) - 1.0142295), (abs((((0.0015546021 * X1) - 0.3019697) + pdiv((-853.8953 + pdiv(X2, log(abs(1.0033756)))), X1))) ^ (pdiv(log(abs((exp(0.29018894) - 0.8875098))), (((X2 * X2) - -10.351251) + pdiv(2410.2944, X1))) * pdiv((X1 + pdiv(254.02863, (4.3303638 * 0.8286986))), X2))))))) [likelihood params: Float32[]]"
94,7495239,1032.8362,1032.8362,0.00025890354,0.00077368395,0.9924907,0.921935,802.2887,2583.9128,73.62,Inf,79,"(((-0.00096408103 * X1) - -0.009819017) * (((pdiv(X2, X2) - (abs(X2) ^ pdiv((-0.006405417 * X1), (abs(((log(abs((-238.93828 * X2))) - -0.009819017) + exp(0.47608492))) ^ (X2 * -1.7206566e9))))) - -262.42722) - (X2 * pdiv((exp(294147.25) - 1.0142295), (abs((((0.0015545972 * X1) - 0.30197287) + pdiv((-853.89716 + pdiv(X2, log(abs(1.0033756)))), X1))) ^ (pdiv(log(abs((exp(0.29018933) - 0.8875093))), (((X2 * X2) - -10.351366) + pdiv(2410.2964, X1))) * pdiv((X1 + pdiv(254.02826, (4.33037 * 0.82869977))), X2))))))) [likelihood params: Float32[]]"
95,7636297,1005.20514,1005.20514,0.00025890354,0.00077368395,0.9924907,0.921935,802.2887,2583.9128,73.116,Inf,67,"(((-0.00096408103 * X1) - -0.009819017) * (((pdiv(X2, X2) - (abs(X2) ^ pdiv((-0.006405417 * X1), -813.4768))) - -262.42722) - (X2 * pdiv((exp(294147.25) - 1.0142295), (abs((((0.0015545972 * X1) - 0.30197287) + pdiv((-853.89716 + pdiv(X2, log(abs(1.0033756)))), X1))) ^ (pdiv(log(abs((exp(0.29018933) - 0.8875093))), (((X2 * X2) - -10.351366) + pdiv(2410.2964, X1))) * pdiv((X1 + pdiv(254.02826, (4.33037 * 0.82869977))), X2))))))) [likelihood params: Float32[]]"
96,7816172,995.9948,995.9948,0.00025890354,0.00077368395,0.9924907,0.921935,802.2887,2583.9128,73.144,Inf,63,"(X1 * (((pdiv(X2, X2) - (abs(X2) ^ pdiv((-0.006405417 * X1), -813.4768))) - -262.42722) - (X2 * pdiv((exp(294147.25) - 1.0142295), (abs((((0.0015545972 * X1) - 0.30197287) + pdiv((-853.89716 + pdiv(X2, log(abs(1.0033756)))), X1))) ^ (pdiv(log(abs((exp(0.29018933) - 0.8875093))), (((X2 * X2) - -10.351366) + pdiv(2410.2964, X1))) * pdiv((X1 + pdiv(254.02826, (4.33037 * 0.82869977))), X2))))))) [likelihood params: Float32[]]"
97,8009973,975.2029,975.2029,0.00025817798,0.0007543526,0.99251175,0.9238856,797.0737,2504.1711,73.238,Inf,55,"(((-0.00096408103 * X1) - -0.009819017) * (X1 - (X2 * pdiv((exp(294147.25) - 1.0142295), (abs((((0.0018109662 * X1) - 0.5218145) + pdiv((-983.4709 + pdiv(X2, log(abs(1.0029289)))), X1))) ^ (pdiv(log(abs((exp(0.30388674) - 0.869321))), (((X2 * X2) - -10.535491) + pdiv(2835.9275, X1))) * pdiv((X1 + pdiv(388881.22, (7232.548 * 0.59560674))), X2))))))) [likelihood params: Float32[]]"
98,8185410,975.2029,975.2029,0.00025817798,0.0007543526,0.99251175,0.9238856,797.0737,2504.1711,73.156,Inf,55,"(((-0.00096408103 * X1) - -0.009819017) * (X1 - (X2 * pdiv((exp(294147.25) - 1.0142295), (abs((((0.0018109662 * X1) - 0.5218145) + pdiv((-983.4709 + pdiv(X2, log(abs(1.0029289)))), X1))) ^ (pdiv(log(abs((exp(0.30388674) - 0.869321))), (((X2 * X2) - -10.535491) + pdiv(2835.9275, X1))) * pdiv((X1 + pdiv(388881.22, (7232.548 * 0.59560674))), X2))))))) [likelihood params: Float32[]]"
99,8373391,975.2029,975.2029,0.00025817798,0.0007543526,0.99251175,0.9238856,797.0737,2504.1711,75.016,Inf,55,"(((-0.00096408103 * X1) - -0.009819017) * (X1 - (X2 * pdiv((exp(294147.25) - 1.0142295), (abs((((0.0018109662 * X1) - 0.5218145) + pdiv((-983.4709 + pdiv(X2, log(abs(1.0029289)))), X1))) ^ (pdiv(log(abs((exp(0.30388674) - 0.869321))), (((X2 * X2) - -10.535491) + pdiv(2835.9275, X1))) * pdiv((X1 + pdiv(388881.22, (7232.548 * 0.59560674))), X2))))))) [likelihood params: Float32[]]"
100,8592563,975.2029,975.2029,0.00025817798,0.0007543526,0.99251175,0.9238856,797.0737,2504.1711,75.018,Inf,55,"(((-0.00096408103 * X1) - -0.009819017) * (X1 - (X2 * pdiv((exp(294147.25) - 1.0142295), (abs((((0.0018109662 * X1) - 0.5218145) + pdiv((-983.4709 + pdiv(X2, log(abs(1.0029289)))), X1))) ^ (pdiv(log(abs((exp(0.30388674) - 0.869321))), (((X2 * X2) - -10.535491) + pdiv(2835.9275, X1))) * pdiv((X1 + pdiv(388881.22, (7232.548 * 0.59560674))), X2))))))) [likelihood params: Float32[]]"
101,8847348,972.07556,972.07556,0.00025817798,0.0007542406,0.99251175,0.92389685,797.0737,2503.7092,75.818,Inf,55,"(((-0.00096408103 * X1) - -0.009819017) * (X1 - (X2 * pdiv((exp(294147.25) - 1.0142295), (abs((((0.0018109756 * X1) - 0.5218234) + pdiv((-983.4787 + pdiv(X2, log(abs(1.0029289)))), X1))) ^ (pdiv(log(abs((exp(0.30399734) - 0.8694697))), (((X2 * X2) - -10.535625) + pdiv(2835.948, X1))) * pdiv((X1 + pdiv(363372.75, (6993.083 * 0.57559013))), X2))))))) [likelihood params: Float32[]]"
102,9075648,972.07556,972.07556,0.00025817798,0.0007542406,0.99251175,0.92389685,797.0737,2503.7092,74.498,Inf,55,"(((-0.00096408103 * X1) - -0.009819017) * (X1 - (X2 * pdiv((exp(294147.25) - 1.0142295), (abs((((0.0018109756 * X1) - 0.5218234) + pdiv((-983.4787 + pdiv(X2, log(abs(1.0029289)))), X1))) ^ (pdiv(log(abs((exp(0.30399734) - 0.8694697))), (((X2 * X2) - -10.535625) + pdiv(2835.948, X1))) * pdiv((X1 + pdiv(363372.75, (6993.083 * 0.57559013))), X2))))))) [likelihood params: Float32[]]"
103,9295565,818.07367,818.07367,0.00021889365,0.00045817406,0.99365115,0.9537701,514.7178,1282.4349,75.502,Inf,92,"((X1 - 1115.1064) * (pdiv((0.19420478 - (abs((X1 + pdiv((-2.5051563 + X1), X1))) ^ (pdiv(log(abs((exp(X2) - X1))), X2) * (0.90662134 * X2)))), 0.18984431) - (X2 * ((exp(150.45502) - 1.0142295) - (abs(((0.52630085 - -0.4563539) + pdiv(((((-0.114668906 * X1) - 651.1799) + pdiv((15794.236 + pdiv(79897.61, log(abs(pdiv(log(abs((exp(-27.308416) - -5.5808775e6))), (((818.0329 * X2) - 8815.0205) + pdiv(27569.553, X2))))))), X1)) + pdiv(X2, log(abs(1.005017)))), X1))) ^ (pdiv(log(abs((exp(0.43556094) - 0.67431533))), (((X2 * X2) - -0.0855795) + pdiv(-208.86816, X1))) * X1)))))) [likelihood params: Float32[]]"
104,9522622,818.07367,818.07367,0.00021889365,0.00045817406,0.99365115,0.9537701,514.7178,1282.4349,74.654,Inf,92,"((X1 - 1115.1064) * (pdiv((0.19420478 - (abs((X1 + pdiv((-2.5051563 + X1), X1))) ^ (pdiv(log(abs((exp(X2) - X1))), X2) * (0.90662134 * X2)))), 0.18984431) - (X2 * ((exp(150.45502) - 1.0142295) - (abs(((0.52630085 - -0.4563539) + pdiv(((((-0.114668906 * X1) - 651.1799) + pdiv((15794.236 + pdiv(79897.61, log(abs(pdiv(log(abs((exp(-27.308416) - -5.5808775e6))), (((818.0329 * X2) - 8815.0205) + pdiv(27569.553, X2))))))), X1)) + pdiv(X2, log(abs(1.005017)))), X1))) ^ (pdiv(log(abs((exp(0.43556094) - 0.67431533))), (((X2 * X2) - -0.0855795) + pdiv(-208.86816, X1))) * X1)))))) [likelihood params: Float32[]]"
105,9754992,818.07367,818.07367,0.00021889365,0.00045817406,0.99365115,0.9537701,514.7178,1282.4349,75.444,Inf,92,"((X1 - 1115.1064) * (pdiv((0.19420478 - (abs((X1 + pdiv((-2.5051563 + X1), X1))) ^ (pdiv(log(abs((exp(X2) - X1))), X2) * (0.90662134 * X2)))), 0.18984431) - (X2 * ((exp(150.45502) - 1.0142295) - (abs(((0.52630085 - -0.4563539) + pdiv(((((-0.114668906 * X1) - 651.1799) + pdiv((15794.236 + pdiv(79897.61, log(abs(pdiv(log(abs((exp(-27.308416) - -5.5808775e6))), (((818.0329 * X2) - 8815.0205) + pdiv(27569.553, X2))))))), X1)) + pdiv(X2, log(abs(1.005017)))), X1))) ^ (pdiv(log(abs((exp(0.43556094) - 0.67431533))), (((X2 * X2) - -0.0855795) + pdiv(-208.86816, X1))) * X1)))))) [likelihood params: Float32[]]"
106,10004977,818.07367,818.07367,0.00021889365,0.00045817406,0.99365115,0.9537701,514.7178,1282.4349,74.718,Inf,92,"((X1 - 1115.1064) * (pdiv((0.19420478 - (abs((X1 + pdiv((-2.5051563 + X1), X1))) ^ (pdiv(log(abs((exp(X2) - X1))), X2) * (0.90662134 * X2)))), 0.18984431) - (X2 * ((exp(150.45502) - 1.0142295) - (abs(((0.52630085 - -0.4563539) + pdiv(((((-0.114668906 * X1) - 651.1799) + pdiv((15794.236 + pdiv(79897.61, log(abs(pdiv(log(abs((exp(-27.308416) - -5.5808775e6))), (((818.0329 * X2) - 8815.0205) + pdiv(27569.553, X2))))))), X1)) + pdiv(X2, log(abs(1.005017)))), X1))) ^ (pdiv(log(abs((exp(0.43556094) - 0.67431533))), (((X2 * X2) - -0.0855795) + pdiv(-208.86816, X1))) * X1)))))) [likelihood params: Float32[]]"
107,10195395,736.59973,736.59973,0.00020207466,0.0009730306,0.99413896,0.9018209,393.8313,3406.2178,75.716,Inf,100,"(1.0142295 * ((pdiv(((((-0.074839436 * X1) - -1728.1519) + pdiv((-5317.973 + pdiv(X2, log(abs(7909.824)))), X2)) + pdiv(X2, log(abs(486375.8)))), X1) - (((exp(0.18984431) - -5.184276) - 0.47401145) + X1)) - (X2 * pdiv((abs(((((pdiv(log(abs(15.024162)), X2) * X1) * X1) - 0.47401145) + (X1 - X1))) ^ 35289.074), (abs((((pdiv((-497.94846 + exp(X2)), X1) * pdiv(pdiv((-1128.8203 + pdiv(X2, log(abs(1.0030138)))), X1), exp(2.7705336))) - -0.5044536) + pdiv((-2157.007 + pdiv(X2, log(abs(1.001548)))), X1))) ^ (pdiv(log(abs(((-3.360099e-8 * X1) - -2.2597242e-6))), (((1423.2366 * X2) - 2718.6455) + pdiv(-30171.611, X1))) * X1)))))) [likelihood params: Float32[]]"
108,10428319,735.5109,735.5109,0.00020207473,0.0009730486,0.99413896,0.90181905,393.8318,3406.2922,77.352,Inf,100,"(1.0142295 * ((pdiv(((((-0.074839436 * X1) - -1728.1519) + pdiv((-5317.973 + pdiv(X2, log(abs(7909.824)))), X2)) + pdiv(X2, log(abs(486375.8)))), X1) - (((exp(0.18984431) - -5.184276) - 0.47401145) + X1)) - (X2 * pdiv((abs(((((pdiv(log(abs(15.024162)), X2) * X1) * X1) - 0.47401145) + (X1 - X1))) ^ 35289.074), (abs((((pdiv((-497.94867 + exp(X2)), X1) * pdiv(pdiv((-1128.8202 + pdiv(X2, log(abs(1.0030138)))), X1), exp(2.770533))) - -0.50445235) + pdiv((-2157.0073 + pdiv(X2, log(abs(1.001548)))), X1))) ^ (pdiv(log(abs(((-3.3600983e-8 * X1) - -2.2597242e-6))), (((1423.2368 * X2) - 2718.644) + pdiv(-30171.59, X1))) * X1)))))) [likelihood params: Float32[]]"
109,10669857,544.6466,544.6466,0.00018630146,0.00068912347,0.9945965,0.9304672,280.46143,2235.1008,76.558,Inf,76,"(1.0142295 * (((0.19420478 - ((pdiv(-0.00039800626, 1.9197785) * X1) * X1)) - -5.184276) - (X2 * pdiv(-0.014039404, (abs((((0.729681 * pdiv(pdiv((-5066.954 + pdiv(X2, log(abs(-2090.685)))), X1), X1)) - -0.49826366) + pdiv((-1861.7732 + pdiv(X2, log(abs(-1.0017631)))), X1))) ^ (pdiv((-875.7459 + pdiv(((((-25.413979 * (89.348595 * X2)) - 4838.828) + pdiv((579723.5 + pdiv(X2, log(abs(0.9999763)))), X1)) - 4834.209), X1)), (((114388.69 * X2) - 235067.72) + pdiv(-2.809148e6, X1))) * X1)))))) [likelihood params: Float32[]]"
110,10920306,535.034,535.034,0.00018630135,0.00068914855,0.9945965,0.9304647,280.46057,2235.2046,75.434,Inf,75,"(1.0142295 * (((0.19420478 - ((pdiv(-0.00039800626, 1.9197785) * X1) * X1)) - -5.184276) - (X2 * pdiv(-0.014039404, (abs((((0.729681 * pdiv(pdiv((-5066.954 + pdiv(X2, X2)), X1), X1)) - -0.49826366) + pdiv((-1861.7732 + pdiv(X2, log(abs(-1.0017631)))), X1))) ^ (pdiv((-875.7459 + pdiv(((((-25.413979 * (89.348595 * X2)) - 4838.828) + pdiv((579723.5 + pdiv(X2, log(abs(0.9999763)))), X1)) - 4834.209), X1)), (((114388.69 * X2) - 235067.72) + pdiv(-2.809148e6, X1))) * X1)))))) [likelihood params: Float32[]]"
111,11225284,527.0688,527.0688,0.00018630146,0.00068912347,0.9945965,0.9304672,280.46143,2235.1008,75.144,Inf,68,"((-0.001317246 * X1) * (X1 - (X2 * pdiv(-0.014039404, (abs((((0.729681 * pdiv(pdiv((-5066.954 + pdiv(X2, log(abs(-2090.685)))), X1), X1)) - -0.49826366) + pdiv((-1861.7732 + pdiv(X2, log(abs(-1.0017631)))), X1))) ^ (pdiv((-875.7459 + pdiv(((((-25.413979 * (89.348595 * X2)) - 4838.828) + pdiv((579723.5 + pdiv(X2, log(abs(0.9999763)))), X1)) - 4834.209), X1)), (((114388.69 * X2) - 235067.72) + pdiv(-2.809148e6, X1))) * X1)))))) [likelihood params: Float32[]]"
112,11477565,516.57495,516.57495,0.00018549467,0.0007459236,0.99461985,0.924736,274.6626,2469.4016,76.418,Inf,68,"((-0.001317246 * X1) * (X1 - (X2 * pdiv(-0.014039404, (abs((((-3.33693 * pdiv(pdiv((1208.7618 + pdiv(X2, log(abs(910.3993)))), X1), X1)) - -0.446415) + pdiv((-2012.4532 + pdiv(X2, log(abs(-1.0016294)))), X1))) ^ (pdiv((-841.5695 + pdiv(((((-21.716507 * (76.399025 * X2)) - 6890.277) + pdiv((626975.8 + pdiv(X2, log(abs(0.99997956)))), X1)) - 6886.0815), X1)), (((112136.74 * X2) - 219907.1) + pdiv(-2.9108605e6, X1))) * X1)))))) [likelihood params: Float32[]]"
113,11710325,516.57495,516.57495,0.00018549467,0.0007459236,0.99461985,0.924736,274.6626,2469.4016,77.8,Inf,68,"((-0.001317246 * X1) * (X1 - (X2 * pdiv(-0.014039404, (abs((((-3.33693 * pdiv(pdiv((1208.7618 + pdiv(X2, log(abs(910.3993)))), X1), X1)) - -0.446415) + pdiv((-2012.4532 + pdiv(X2, log(abs(-1.0016294)))), X1))) ^ (pdiv((-841.5695 + pdiv(((((-21.716507 * (76.399025 * X2)) - 6890.277) + pdiv((626975.8 + pdiv(X2, log(abs(0.99997956)))), X1)) - 6886.0815), X1)), (((112136.74 * X2) - 219907.1) + pdiv(-2.9108605e6, X1))) * X1)))))) [likelihood params: Float32[]]"
114,12037005,516.57495,516.57495,0.00018549467,0.0007459236,0.99461985,0.924736,274.6626,2469.4016,79.042,Inf,68,"((-0.001317246 * X1) * (X1 - (X2 * pdiv(-0.014039404, (abs((((-3.33693 * pdiv(pdiv((1208.7618 + pdiv(X2, log(abs(910.3993)))), X1), X1)) - -0.446415) + pdiv((-2012.4532 + pdiv(X2, log(abs(-1.0016294)))), X1))) ^ (pdiv((-841.5695 + pdiv(((((-21.716507 * (76.399025 * X2)) - 6890.277) + pdiv((626975.8 + pdiv(X2, log(abs(0.99997956)))), X1)) - 6886.0815), X1)), (((112136.74 * X2) - 219907.1) + pdiv(-2.9108605e6, X1))) * X1)))))) [likelihood params: Float32[]]"
115,12280720,505.53952,505.53952,0.00018547276,0.0007499945,0.9946205,0.9243253,274.50513,2486.1938,78.804,Inf,68,"((-0.001317246 * X1) * (X1 - (X2 * pdiv(-0.014039404, (abs((((-3.3457575 * pdiv(pdiv((1218.9753 + pdiv(X2, log(abs(-2743.964)))), X1), X1)) - -0.43798172) + pdiv((-2035.1267 + pdiv(X2, log(abs(-1.0016112)))), X1))) ^ (pdiv((-835.7544 + pdiv(((((-22.053328 * (77.59151 * X2)) - 10120.723) + pdiv((622319.6 + pdiv(X2, log(abs(0.99997914)))), X1)) - 3465.166), X1)), (((112018.28 * X2) - 219472.73) + pdiv(-2.9106138e6, X1))) * X1)))))) [likelihood params: Float32[]]"
116,12538197,505.53952,505.53952,0.00018547276,0.0007499945,0.9946205,0.9243253,274.50513,2486.1938,76.272,Inf,68,"((-0.001317246 * X1) * (X1 - (X2 * pdiv(-0.014039404, (abs((((-3.3457575 * pdiv(pdiv((1218.9753 + pdiv(X2, log(abs(-2743.964)))), X1), X1)) - -0.43798172) + pdiv((-2035.1267 + pdiv(X2, log(abs(-1.0016112)))), X1))) ^ (pdiv((-835.7544 + pdiv(((((-22.053328 * (77.59151 * X2)) - 10120.723) + pdiv((622319.6 + pdiv(X2, log(abs(0.99997914)))), X1)) - 3465.166), X1)), (((112018.28 * X2) - 219472.73) + pdiv(-2.9106138e6, X1))) * X1)))))) [likelihood params: Float32[]]"
117,12802788,505.53952,505.53952,0.00018547276,0.0007499945,0.9946205,0.9243253,274.50513,2486.1938,74.79,Inf,68,"((-0.001317246 * X1) * (X1 - (X2 * pdiv(-0.014039404, (abs((((-3.3457575 * pdiv(pdiv((1218.9753 + pdiv(X2, log(abs(-2743.964)))), X1), X1)) - -0.43798172) + pdiv((-2035.1267 + pdiv(X2, log(abs(-1.0016112)))), X1))) ^ (pdiv((-835.7544 + pdiv(((((-22.053328 * (77.59151 * X2)) - 10120.723) + pdiv((622319.6 + pdiv(X2, log(abs(0.99997914)))), X1)) - 3465.166), X1)), (((112018.28 * X2) - 219472.73) + pdiv(-2.9106138e6, X1))) * X1)))))) [likelihood params: Float32[]]"
118,12988475,505.53952,505.53952,0.00018547276,0.0007499945,0.9946205,0.9243253,274.50513,2486.1938,76.524,Inf,68,"((-0.001317246 * X1) * (X1 - (X2 * pdiv(-0.014039404, (abs((((-3.3457575 * pdiv(pdiv((1218.9753 + pdiv(X2, log(abs(-2743.964)))), X1), X1)) - -0.43798172) + pdiv((-2035.1267 + pdiv(X2, log(abs(-1.0016112)))), X1))) ^ (pdiv((-835.7544 + pdiv(((((-22.053328 * (77.59151 * X2)) - 10120.723) + pdiv((622319.6 + pdiv(X2, log(abs(0.99997914)))), X1)) - 3465.166), X1)), (((112018.28 * X2) - 219472.73) + pdiv(-2.9106138e6, X1))) * X1)))))) [likelihood params: Float32[]]"
119,13191113,503.34232,503.34232,0.00018547276,0.0007499945,0.9946205,0.9243253,274.50513,2486.1938,76.528,Inf,67,"(log(abs(1.0039175)) * (X1 - (X2 * pdiv(-0.014039404, (abs((((-3.3457575 * pdiv(pdiv((1218.9753 + pdiv(X2, log(abs(-2743.964)))), X1), X1)) - -0.43798172) + pdiv((-2035.1267 + pdiv(X2, log(abs(-1.0016112)))), X1))) ^ (pdiv((-835.7544 + pdiv(((((-22.053328 * (77.59151 * X2)) - 10120.723) + pdiv((622319.6 + pdiv(X2, log(abs(0.99997914)))), X1)) - 3465.166), X1)), (((112018.28 * X2) - 219472.73) + pdiv(-2.9106138e6, X1))) * X1)))))) [likelihood params: Float32[]]"
120,13435430,503.34232,503.34232,0.00018547276,0.0007499945,0.9946205,0.9243253,274.50513,2486.1938,74.372,Inf,67,"(log(abs(1.0039175)) * (X1 - (X2 * pdiv(-0.014039404, (abs((((-3.3457575 * pdiv(pdiv((1218.9753 + pdiv(X2, log(abs(-2743.964)))), X1), X1)) - -0.43798172) + pdiv((-2035.1267 + pdiv(X2, log(abs(-1.0016112)))), X1))) ^ (pdiv((-835.7544 + pdiv(((((-22.053328 * (77.59151 * X2)) - 10120.723) + pdiv((622319.6 + pdiv(X2, log(abs(0.99997914)))), X1)) - 3465.166), X1)), (((112018.28 * X2) - 219472.73) + pdiv(-2.9106138e6, X1))) * X1)))))) [likelihood params: Float32[]]"
121,13633767,495.16727,495.16727,0.00018543066,0.0007570829,0.9946217,0.9236101,274.2025,2515.4336,71.758,Inf,62,"(log(abs(1.0039175)) * (X1 - (X2 * pdiv(-0.014039404, (abs((((-396.503 * pdiv(pdiv(10.374931, X1), X1)) - -0.43332732) + pdiv((-2049.2393 + pdiv(X2, log(abs(-1.0015999)))), X1))) ^ (pdiv((-831.9786 + pdiv(((((-21.400114 * (75.28446 * X2)) - 10413.234) + pdiv((629125.9 + pdiv(X2, log(abs(0.9999796)))), X1)) - 3758.1365), X1)), (((111583.05 * X2) - 217198.19) + pdiv(-2.9205268e6, X1))) * X1)))))) [likelihood params: Float32[]]"
122,13888295,436.53473,436.53473,0.00016860993,0.009585572,0.9951096,0.032812536,153.30347,38932.95,71.77,Inf,80,"(650.38947 * (0.19420478 - (-3.213835 * pdiv(pdiv(X2, log(abs(1.0051099))), (abs((((778.25494 * pdiv(pdiv((pdiv(((((78.56596 * X1) - 11375.467) + pdiv((188885.9 + pdiv(533480.75, log(abs(pdiv(log(abs((-2027.8081 - -5.6563975e6))), (((951.9628 * X2) - 9081.58) + pdiv(23329.338, X2))))))), X1)) + pdiv(X2, log(abs(1.0004944)))), X1) + X1), X1), X1)) - -1.1910233) + pdiv((-2306.262 + pdiv(X2, log(abs(-1.0028538)))), X1))) ^ (pdiv((-166491.66 + X1), (((1.757333e7 * X2) - 4.5891804e7) + pdiv(1.9780429e8, X1))) * X1)))))) [likelihood params: Float32[]]"
123,14093267,436.53473,436.53473,0.00016860993,0.009585572,0.9951096,0.032812536,153.30347,38932.95,71.45,Inf,80,"(650.38947 * (0.19420478 - (-3.213835 * pdiv(pdiv(X2, log(abs(1.0051099))), (abs((((778.25494 * pdiv(pdiv((pdiv(((((78.56596 * X1) - 11375.467) + pdiv((188885.9 + pdiv(533480.75, log(abs(pdiv(log(abs((-2027.8081 - -5.6563975e6))), (((951.9628 * X2) - 9081.58) + pdiv(23329.338, X2))))))), X1)) + pdiv(X2, log(abs(1.0004944)))), X1) + X1), X1), X1)) - -1.1910233) + pdiv((-2306.262 + pdiv(X2, log(abs(-1.0028538)))), X1))) ^ (pdiv((-166491.66 + X1), (((1.757333e7 * X2) - 4.5891804e7) + pdiv(1.9780429e8, X1))) * X1)))))) [likelihood params: Float32[]]"
124,14304687,436.53473,436.53473,0.00016860993,0.009585572,0.9951096,0.032812536,153.30347,38932.95,70.254,Inf,80,"(650.38947 * (0.19420478 - (-3.213835 * pdiv(pdiv(X2, log(abs(1.0051099))), (abs((((778.25494 * pdiv(pdiv((pdiv(((((78.56596 * X1) - 11375.467) + pdiv((188885.9 + pdiv(533480.75, log(abs(pdiv(log(abs((-2027.8081 - -5.6563975e6))), (((951.9628 * X2) - 9081.58) + pdiv(23329.338, X2))))))), X1)) + pdiv(X2, log(abs(1.0004944)))), X1) + X1), X1), X1)) - -1.1910233) + pdiv((-2306.262 + pdiv(X2, log(abs(-1.0028538)))), X1))) ^ (pdiv((-166491.66 + X1), (((1.757333e7 * X2) - 4.5891804e7) + pdiv(1.9780429e8, X1))) * X1)))))) [likelihood params: Float32[]]"
125,14547716,436.53473,436.53473,0.00016860993,0.009585572,0.9951096,0.032812536,153.30347,38932.95,71.462,Inf,80,"(650.38947 * (0.19420478 - (-3.213835 * pdiv(pdiv(X2, log(abs(1.0051099))), (abs((((778.25494 * pdiv(pdiv((pdiv(((((78.56596 * X1) - 11375.467) + pdiv((188885.9 + pdiv(533480.75, log(abs(pdiv(log(abs((-2027.8081 - -5.6563975e6))), (((951.9628 * X2) - 9081.58) + pdiv(23329.338, X2))))))), X1)) + pdiv(X2, log(abs(1.0004944)))), X1) + X1), X1), X1)) - -1.1910233) + pdiv((-2306.262 + pdiv(X2, log(abs(-1.0028538)))), X1))) ^ (pdiv((-166491.66 + X1), (((1.757333e7 * X2) - 4.5891804e7) + pdiv(1.9780429e8, X1))) * X1)))))) [likelihood params: Float32[]]"
126,14793523,436.53473,436.53473,0.00016860993,0.009585572,0.9951096,0.032812536,153.30347,38932.95,73.04,Inf,80,"(650.38947 * (0.19420478 - (-3.213835 * pdiv(pdiv(X2, log(abs(1.0051099))), (abs((((778.25494 * pdiv(pdiv((pdiv(((((78.56596 * X1) - 11375.467) + pdiv((188885.9 + pdiv(533480.75, log(abs(pdiv(log(abs((-2027.8081 - -5.6563975e6))), (((951.9628 * X2) - 9081.58) + pdiv(23329.338, X2))))))), X1)) + pdiv(X2, log(abs(1.0004944)))), X1) + X1), X1), X1)) - -1.1910233) + pdiv((-2306.262 + pdiv(X2, log(abs(-1.0028538)))), X1))) ^ (pdiv((-166491.66 + X1), (((1.757333e7 * X2) - 4.5891804e7) + pdiv(1.9780429e8, X1))) * X1)))))) [likelihood params: Float32[]]"
127,15004962,436.53473,436.53473,0.00016860993,0.009585572,0.9951096,0.032812536,153.30347,38932.95,75.042,Inf,80,"(650.38947 * (0.19420478 - (-3.213835 * pdiv(pdiv(X2, log(abs(1.0051099))), (abs((((778.25494 * pdiv(pdiv((pdiv(((((78.56596 * X1) - 11375.467) + pdiv((188885.9 + pdiv(533480.75, log(abs(pdiv(log(abs((-2027.8081 - -5.6563975e6))), (((951.9628 * X2) - 9081.58) + pdiv(23329.338, X2))))))), X1)) + pdiv(X2, log(abs(1.0004944)))), X1) + X1), X1), X1)) - -1.1910233) + pdiv((-2306.262 + pdiv(X2, log(abs(-1.0028538)))), X1))) ^ (pdiv((-166491.66 + X1), (((1.757333e7 * X2) - 4.5891804e7) + pdiv(1.9780429e8, X1))) * X1)))))) [likelihood params: Float32[]]"
128,15173300,436.53473,436.53473,0.00016860993,0.009585572,0.9951096,0.032812536,153.30347,38932.95,74.53,Inf,80,"(650.38947 * (0.19420478 - (-3.213835 * pdiv(pdiv(X2, log(abs(1.0051099))), (abs((((778.25494 * pdiv(pdiv((pdiv(((((78.56596 * X1) - 11375.467) + pdiv((188885.9 + pdiv(533480.75, log(abs(pdiv(log(abs((-2027.8081 - -5.6563975e6))), (((951.9628 * X2) - 9081.58) + pdiv(23329.338, X2))))))), X1)) + pdiv(X2, log(abs(1.0004944)))), X1) + X1), X1), X1)) - -1.1910233) + pdiv((-2306.262 + pdiv(X2, log(abs(-1.0028538)))), X1))) ^ (pdiv((-166491.66 + X1), (((1.757333e7 * X2) - 4.5891804e7) + pdiv(1.9780429e8, X1))) * X1)))))) [likelihood params: Float32[]]"
129,15392196,436.53473,436.53473,0.00016860993,0.009585572,0.9951096,0.032812536,153.30347,38932.95,74.814,Inf,80,"(650.38947 * (0.19420478 - (-3.213835 * pdiv(pdiv(X2, log(abs(1.0051099))), (abs((((778.25494 * pdiv(pdiv((pdiv(((((78.56596 * X1) - 11375.467) + pdiv((188885.9 + pdiv(533480.75, log(abs(pdiv(log(abs((-2027.8081 - -5.6563975e6))), (((951.9628 * X2) - 9081.58) + pdiv(23329.338, X2))))))), X1)) + pdiv(X2, log(abs(1.0004944)))), X1) + X1), X1), X1)) - -1.1910233) + pdiv((-2306.262 + pdiv(X2, log(abs(-1.0028538)))), X1))) ^ (pdiv((-166491.66 + X1), (((1.757333e7 * X2) - 4.5891804e7) + pdiv(1.9780429e8, X1))) * X1)))))) [likelihood params: Float32[]]"
130,15606088,436.53473,436.53473,0.00016860993,0.009585572,0.9951096,0.032812536,153.30347,38932.95,74.768,Inf,80,"(650.38947 * (0.19420478 - (-3.213835 * pdiv(pdiv(X2, log(abs(1.0051099))), (abs((((778.25494 * pdiv(pdiv((pdiv(((((78.56596 * X1) - 11375.467) + pdiv((188885.9 + pdiv(533480.75, log(abs(pdiv(log(abs((-2027.8081 - -5.6563975e6))), (((951.9628 * X2) - 9081.58) + pdiv(23329.338, X2))))))), X1)) + pdiv(X2, log(abs(1.0004944)))), X1) + X1), X1), X1)) - -1.1910233) + pdiv((-2306.262 + pdiv(X2, log(abs(-1.0028538)))), X1))) ^ (pdiv((-166491.66 + X1), (((1.757333e7 * X2) - 4.5891804e7) + pdiv(1.9780429e8, X1))) * X1)))))) [likelihood params: Float32[]]"
131,15826433,436.53473,436.53473,0.00016860993,0.009585572,0.9951096,0.032812536,153.30347,38932.95,73.032,Inf,80,"(650.38947 * (0.19420478 - (-3.213835 * pdiv(pdiv(X2, log(abs(1.0051099))), (abs((((778.25494 * pdiv(pdiv((pdiv(((((78.56596 * X1) - 11375.467) + pdiv((188885.9 + pdiv(533480.75, log(abs(pdiv(log(abs((-2027.8081 - -5.6563975e6))), (((951.9628 * X2) - 9081.58) + pdiv(23329.338, X2))))))), X1)) + pdiv(X2, log(abs(1.0004944)))), X1) + X1), X1), X1)) - -1.1910233) + pdiv((-2306.262 + pdiv(X2, log(abs(-1.0028538)))), X1))) ^ (pdiv((-166491.66 + X1), (((1.757333e7 * X2) - 4.5891804e7) + pdiv(1.9780429e8, X1))) * X1)))))) [likelihood params: Float32[]]"
132,16053091,436.53473,436.53473,0.00016860993,0.009585572,0.9951096,0.032812536,153.30347,38932.95,72.314,Inf,80,"(650.38947 * (0.19420478 - (-3.213835 * pdiv(pdiv(X2, log(abs(1.0051099))), (abs((((778.25494 * pdiv(pdiv((pdiv(((((78.56596 * X1) - 11375.467) + pdiv((188885.9 + pdiv(533480.75, log(abs(pdiv(log(abs((-2027.8081 - -5.6563975e6))), (((951.9628 * X2) - 9081.58) + pdiv(23329.338, X2))))))), X1)) + pdiv(X2, log(abs(1.0004944)))), X1) + X1), X1), X1)) - -1.1910233) + pdiv((-2306.262 + pdiv(X2, log(abs(-1.0028538)))), X1))) ^ (pdiv((-166491.66 + X1), (((1.757333e7 * X2) - 4.5891804e7) + pdiv(1.9780429e8, X1))) * X1)))))) [likelihood params: Float32[]]"
133,16289763,420.3746,420.3746,0.00016451912,0.003269838,0.99522823,0.67007226,123.90088,12880.547,73.554,Inf,89,"(650.38947 * (0.19420478 - (-3.213835 * pdiv(pdiv(X2, log(abs(1.0051099))), (abs((((1.9682107 * pdiv(pdiv((pdiv(((((101374.23 * X1) - 721147.06) + pdiv((2.5070688e7 + pdiv(2.4142474e7, log(abs(pdiv(log(abs((1.3929665e6 - -7.070667e6))), (((2131.885 * X2) - 18873.846) + pdiv(42364.406, X2))))))), X1)) + pdiv(X2, log(abs(7507.6284)))), X1) + X1), X1), (log(abs(24774.402)) + pdiv((-151.40637 + X2), X2)))) - -1.283944) + pdiv((705.1043 + pdiv(X2, log(abs(-1.0035154)))), pdiv(X1, X2)))) ^ (pdiv((-425395.44 + X1), (((2.949632e7 * X2) - 3.5791732e7) + pdiv(1.9854859e8, X1))) * X1)))))) [likelihood params: Float32[]]"
134,16472257,419.5234,419.5234,0.00016450799,0.0032719004,0.9952286,0.6698642,123.82092,12889.055,74.318,Inf,89,"(650.38947 * (0.19420478 - (-3.213835 * pdiv(pdiv(X2, log(abs(1.0051099))), (abs((((1.9682174 * pdiv(pdiv((pdiv(((((101374.57 * X1) - 721128.7) + pdiv((2.5070688e7 + pdiv(2.4142474e7, log(abs(pdiv(log(abs((1.3929666e6 - -7.070667e6))), (((2131.8855 * X2) - 18873.844) + pdiv(42364.418, X2))))))), X1)) + pdiv(X2, log(abs(7507.629)))), X1) + X1), X1), (log(abs(24776.143)) + pdiv((-151.40604 + X2), X2)))) - -1.2838774) + pdiv((705.0977 + pdiv(X2, log(abs(-1.0035154)))), pdiv(X1, X2)))) ^ (pdiv((-425384.38 + X1), (((2.949632e7 * X2) - 3.5791732e7) + pdiv(1.9854859e8, X1))) * X1)))))) [likelihood params: Float32[]]"
135,16623253,419.5234,419.5234,0.00016450799,0.0032719004,0.9952286,0.6698642,123.82092,12889.055,74.32,Inf,89,"(650.38947 * (0.19420478 - (-3.213835 * pdiv(pdiv(X2, log(abs(1.0051099))), (abs((((1.9682174 * pdiv(pdiv((pdiv(((((101374.57 * X1) - 721128.7) + pdiv((2.5070688e7 + pdiv(2.4142474e7, log(abs(pdiv(log(abs((1.3929666e6 - -7.070667e6))), (((2131.8855 * X2) - 18873.844) + pdiv(42364.418, X2))))))), X1)) + pdiv(X2, log(abs(7507.629)))), X1) + X1), X1), (log(abs(24776.143)) + pdiv((-151.40604 + X2), X2)))) - -1.2838774) + pdiv((705.0977 + pdiv(X2, log(abs(-1.0035154)))), pdiv(X1, X2)))) ^ (pdiv((-425384.38 + X1), (((2.949632e7 * X2) - 3.5791732e7) + pdiv(1.9854859e8, X1))) * X1)))))) [likelihood params: Float32[]]"
136,16810206,419.5234,419.5234,0.00016450799,0.0032719004,0.9952286,0.6698642,123.82092,12889.055,74.53,Inf,89,"(650.38947 * (0.19420478 - (-3.213835 * pdiv(pdiv(X2, log(abs(1.0051099))), (abs((((1.9682174 * pdiv(pdiv((pdiv(((((101374.57 * X1) - 721128.7) + pdiv((2.5070688e7 + pdiv(2.4142474e7, log(abs(pdiv(log(abs((1.3929666e6 - -7.070667e6))), (((2131.8855 * X2) - 18873.844) + pdiv(42364.418, X2))))))), X1)) + pdiv(X2, log(abs(7507.629)))), X1) + X1), X1), (log(abs(24776.143)) + pdiv((-151.40604 + X2), X2)))) - -1.2838774) + pdiv((705.0977 + pdiv(X2, log(abs(-1.0035154)))), pdiv(X1, X2)))) ^ (pdiv((-425384.38 + X1), (((2.949632e7 * X2) - 3.5791732e7) + pdiv(1.9854859e8, X1))) * X1)))))) [likelihood params: Float32[]]"
137,16999147,419.52335,419.52335,0.00016450799,0.0032719004,0.9952286,0.6698642,123.82092,12889.055,75.742,Inf,89,"(X2 * (0.19420478 - (-3.213835 * pdiv(pdiv(X2, log(abs(1.0051099))), (abs((((1.9682174 * pdiv(pdiv((pdiv(((((101374.57 * X1) - 721128.7) + pdiv((2.5070688e7 + pdiv(2.4142474e7, log(abs(pdiv(log(abs((1.3929666e6 - -7.070667e6))), (((2131.8855 * X2) - 18873.844) + pdiv(42364.418, X2))))))), X1)) + pdiv(X2, log(abs(7507.629)))), X1) + X1), X1), (log(abs(24776.143)) + pdiv((-151.40604 + X2), X2)))) - -1.2838774) + pdiv((705.0977 + pdiv(X2, log(abs(-1.0035154)))), pdiv(X1, X2)))) ^ (pdiv((-425384.38 + X1), (((2.949632e7 * X2) - 3.5791732e7) + pdiv(1.9854859e8, X1))) * X1)))))) [likelihood params: Float32[]]"
138,17225644,417.32397,417.32397,0.00016450816,0.00327114,0.9952286,0.6699408,123.82214,12885.918,77.084,Inf,90,"(650.38947 * (0.19420478 - (-3.213835 * pdiv(pdiv(X2, log(abs(1.0051099))), (abs((((1.9682174 * pdiv(pdiv((pdiv(((((101374.57 * X1) - 721128.7) + pdiv((2.5070688e7 + pdiv(2.4142474e7, log(abs(pdiv(log(abs((1.3929666e6 - -7.070667e6))), (((2131.8855 * X2) - 18873.844) + pdiv(42364.418, X2))))))), X1)) + pdiv(X2, (-0.051831968 * X2))), X1) + X1), X1), (log(abs(24776.143)) + pdiv((-151.40604 + X2), X2)))) - -1.2838774) + pdiv((705.0977 + pdiv(X2, log(abs(-1.0035154)))), pdiv(X1, X2)))) ^ (pdiv((-425384.38 + X1), (((2.949632e7 * X2) - 3.5791732e7) + pdiv(1.9854859e8, X1))) * X1)))))) [likelihood params: Float32[]]"
139,17433865,417.32397,417.32397,0.00016450816,0.00327114,0.9952286,0.6699408,123.82214,12885.918,77.018,Inf,90,"(650.38947 * (0.19420478 - (-3.213835 * pdiv(pdiv(X2, log(abs(1.0051099))), (abs((((1.9682174 * pdiv(pdiv((pdiv(((((101374.57 * X1) - 721128.7) + pdiv((2.5070688e7 + pdiv(2.4142474e7, log(abs(pdiv(log(abs((1.3929666e6 - -7.070667e6))), (((2131.8855 * X2) - 18873.844) + pdiv(42364.418, X2))))))), X1)) + pdiv(X2, (-0.051831968 * X2))), X1) + X1), X1), (log(abs(24776.143)) + pdiv((-151.40604 + X2), X2)))) - -1.2838774) + pdiv((705.0977 + pdiv(X2, log(abs(-1.0035154)))), pdiv(X1, X2)))) ^ (pdiv((-425384.38 + X1), (((2.949632e7 * X2) - 3.5791732e7) + pdiv(1.9854859e8, X1))) * X1)))))) [likelihood params: Float32[]]"
140,17693324,417.32397,417.32397,0.00016450816,0.00327114,0.9952286,0.6699408,123.82214,12885.918,76.716,Inf,90,"(650.38947 * (0.19420478 - (-3.213835 * pdiv(pdiv(X2, log(abs(1.0051099))), (abs((((1.9682174 * pdiv(pdiv((pdiv(((((101374.57 * X1) - 721128.7) + pdiv((2.5070688e7 + pdiv(2.4142474e7, log(abs(pdiv(log(abs((1.3929666e6 - -7.070667e6))), (((2131.8855 * X2) - 18873.844) + pdiv(42364.418, X2))))))), X1)) + pdiv(X2, (-0.051831968 * X2))), X1) + X1), X1), (log(abs(24776.143)) + pdiv((-151.40604 + X2), X2)))) - -1.2838774) + pdiv((705.0977 + pdiv(X2, log(abs(-1.0035154)))), pdiv(X1, X2)))) ^ (pdiv((-425384.38 + X1), (((2.949632e7 * X2) - 3.5791732e7) + pdiv(1.9854859e8, X1))) * X1)))))) [likelihood params: Float32[]]"
141,17915417,417.32397,417.32397,0.00016450816,0.00327114,0.9952286,0.6699408,123.82214,12885.918,76.248,Inf,90,"(650.38947 * (0.19420478 - (-3.213835 * pdiv(pdiv(X2, log(abs(1.0051099))), (abs((((1.9682174 * pdiv(pdiv((pdiv(((((101374.57 * X1) - 721128.7) + pdiv((2.5070688e7 + pdiv(2.4142474e7, log(abs(pdiv(log(abs((1.3929666e6 - -7.070667e6))), (((2131.8855 * X2) - 18873.844) + pdiv(42364.418, X2))))))), X1)) + pdiv(X2, (-0.051831968 * X2))), X1) + X1), X1), (log(abs(24776.143)) + pdiv((-151.40604 + X2), X2)))) - -1.2838774) + pdiv((705.0977 + pdiv(X2, log(abs(-1.0035154)))), pdiv(X1, X2)))) ^ (pdiv((-425384.38 + X1), (((2.949632e7 * X2) - 3.5791732e7) + pdiv(1.9854859e8, X1))) * X1)))))) [likelihood params: Float32[]]"
142,18142767,417.32397,417.32397,0.00016450816,0.00327114,0.9952286,0.6699408,123.82214,12885.918,76.152,Inf,90,"(650.38947 * (0.19420478 - (-3.213835 * pdiv(pdiv(X2, log(abs(1.0051099))), (abs((((1.9682174 * pdiv(pdiv((pdiv(((((101374.57 * X1) - 721128.7) + pdiv((2.5070688e7 + pdiv(2.4142474e7, log(abs(pdiv(log(abs((1.3929666e6 - -7.070667e6))), (((2131.8855 * X2) - 18873.844) + pdiv(42364.418, X2))))))), X1)) + pdiv(X2, (-0.051831968 * X2))), X1) + X1), X1), (log(abs(24776.143)) + pdiv((-151.40604 + X2), X2)))) - -1.2838774) + pdiv((705.0977 + pdiv(X2, log(abs(-1.0035154)))), pdiv(X1, X2)))) ^ (pdiv((-425384.38 + X1), (((2.949632e7 * X2) - 3.5791732e7) + pdiv(1.9854859e8, X1))) * X1)))))) [likelihood params: Float32[]]"
143,18383028,417.32397,417.32397,0.00016450816,0.00327114,0.9952286,0.6699408,123.82214,12885.918,77.344,Inf,90,"(650.38947 * (0.19420478 - (-3.213835 * pdiv(pdiv(X2, log(abs(1.0051099))), (abs((((1.9682174 * pdiv(pdiv((pdiv(((((101374.57 * X1) - 721128.7) + pdiv((2.5070688e7 + pdiv(2.4142474e7, log(abs(pdiv(log(abs((1.3929666e6 - -7.070667e6))), (((2131.8855 * X2) - 18873.844) + pdiv(42364.418, X2))))))), X1)) + pdiv(X2, (-0.051831968 * X2))), X1) + X1), X1), (log(abs(24776.143)) + pdiv((-151.40604 + X2), X2)))) - -1.2838774) + pdiv((705.0977 + pdiv(X2, log(abs(-1.0035154)))), pdiv(X1, X2)))) ^ (pdiv((-425384.38 + X1), (((2.949632e7 * X2) - 3.5791732e7) + pdiv(1.9854859e8, X1))) * X1)))))) [likelihood params: Float32[]]"
144,18620245,417.32397,417.32397,0.00016450816,0.00327114,0.9952286,0.6699408,123.82214,12885.918,76.76,Inf,90,"(650.38947 * (0.19420478 - (-3.213835 * pdiv(pdiv(X2, log(abs(1.0051099))), (abs((((1.9682174 * pdiv(pdiv((pdiv(((((101374.57 * X1) - 721128.7) + pdiv((2.5070688e7 + pdiv(2.4142474e7, log(abs(pdiv(log(abs((1.3929666e6 - -7.070667e6))), (((2131.8855 * X2) - 18873.844) + pdiv(42364.418, X2))))))), X1)) + pdiv(X2, (-0.051831968 * X2))), X1) + X1), X1), (log(abs(24776.143)) + pdiv((-151.40604 + X2), X2)))) - -1.2838774) + pdiv((705.0977 + pdiv(X2, log(abs(-1.0035154)))), pdiv(X1, X2)))) ^ (pdiv((-425384.38 + X1), (((2.949632e7 * X2) - 3.5791732e7) + pdiv(1.9854859e8, X1))) * X1)))))) [likelihood params: Float32[]]"
145,18880610,417.32397,417.32397,0.00016450816,0.00327114,0.9952286,0.6699408,123.82214,12885.918,77.124,Inf,90,"(650.38947 * (0.19420478 - (-3.213835 * pdiv(pdiv(X2, log(abs(1.0051099))), (abs((((1.9682174 * pdiv(pdiv((pdiv(((((101374.57 * X1) - 721128.7) + pdiv((2.5070688e7 + pdiv(2.4142474e7, log(abs(pdiv(log(abs((1.3929666e6 - -7.070667e6))), (((2131.8855 * X2) - 18873.844) + pdiv(42364.418, X2))))))), X1)) + pdiv(X2, (-0.051831968 * X2))), X1) + X1), X1), (log(abs(24776.143)) + pdiv((-151.40604 + X2), X2)))) - -1.2838774) + pdiv((705.0977 + pdiv(X2, log(abs(-1.0035154)))), pdiv(X1, X2)))) ^ (pdiv((-425384.38 + X1), (((2.949632e7 * X2) - 3.5791732e7) + pdiv(1.9854859e8, X1))) * X1)))))) [likelihood params: Float32[]]"
146,19124644,417.32397,417.32397,0.00016450816,0.00327114,0.9952286,0.6699408,123.82214,12885.918,77.594,Inf,90,"(650.38947 * (0.19420478 - (-3.213835 * pdiv(pdiv(X2, log(abs(1.0051099))), (abs((((1.9682174 * pdiv(pdiv((pdiv(((((101374.57 * X1) - 721128.7) + pdiv((2.5070688e7 + pdiv(2.4142474e7, log(abs(pdiv(log(abs((1.3929666e6 - -7.070667e6))), (((2131.8855 * X2) - 18873.844) + pdiv(42364.418, X2))))))), X1)) + pdiv(X2, (-0.051831968 * X2))), X1) + X1), X1), (log(abs(24776.143)) + pdiv((-151.40604 + X2), X2)))) - -1.2838774) + pdiv((705.0977 + pdiv(X2, log(abs(-1.0035154)))), pdiv(X1, X2)))) ^ (pdiv((-425384.38 + X1), (((2.949632e7 * X2) - 3.5791732e7) + pdiv(1.9854859e8, X1))) * X1)))))) [likelihood params: Float32[]]"
147,19369222,417.32397,417.32397,0.00016450816,0.00327114,0.9952286,0.6699408,123.82214,12885.918,76.324,Inf,90,"(650.38947 * (0.19420478 - (-3.213835 * pdiv(pdiv(X2, log(abs(1.0051099))), (abs((((1.9682174 * pdiv(pdiv((pdiv(((((101374.57 * X1) - 721128.7) + pdiv((2.5070688e7 + pdiv(2.4142474e7, log(abs(pdiv(log(abs((1.3929666e6 - -7.070667e6))), (((2131.8855 * X2) - 18873.844) + pdiv(42364.418, X2))))))), X1)) + pdiv(X2, (-0.051831968 * X2))), X1) + X1), X1), (log(abs(24776.143)) + pdiv((-151.40604 + X2), X2)))) - -1.2838774) + pdiv((705.0977 + pdiv(X2, log(abs(-1.0035154)))), pdiv(X1, X2)))) ^ (pdiv((-425384.38 + X1), (((2.949632e7 * X2) - 3.5791732e7) + pdiv(1.9854859e8, X1))) * X1)))))) [likelihood params: Float32[]]"
148,19616069,417.32397,417.32397,0.00016450816,0.00327114,0.9952286,0.6699408,123.82214,12885.918,75.668,Inf,90,"(650.38947 * (0.19420478 - (-3.213835 * pdiv(pdiv(X2, log(abs(1.0051099))), (abs((((1.9682174 * pdiv(pdiv((pdiv(((((101374.57 * X1) - 721128.7) + pdiv((2.5070688e7 + pdiv(2.4142474e7, log(abs(pdiv(log(abs((1.3929666e6 - -7.070667e6))), (((2131.8855 * X2) - 18873.844) + pdiv(42364.418, X2))))))), X1)) + pdiv(X2, (-0.051831968 * X2))), X1) + X1), X1), (log(abs(24776.143)) + pdiv((-151.40604 + X2), X2)))) - -1.2838774) + pdiv((705.0977 + pdiv(X2, log(abs(-1.0035154)))), pdiv(X1, X2)))) ^ (pdiv((-425384.38 + X1), (((2.949632e7 * X2) - 3.5791732e7) + pdiv(1.9854859e8, X1))) * X1)))))) [likelihood params: Float32[]]"
149,19870545,417.32397,417.32397,0.00016450816,0.00327114,0.9952286,0.6699408,123.82214,12885.918,78.156,Inf,90,"(650.38947 * (0.19420478 - (-3.213835 * pdiv(pdiv(X2, log(abs(1.0051099))), (abs((((1.9682174 * pdiv(pdiv((pdiv(((((101374.57 * X1) - 721128.7) + pdiv((2.5070688e7 + pdiv(2.4142474e7, log(abs(pdiv(log(abs((1.3929666e6 - -7.070667e6))), (((2131.8855 * X2) - 18873.844) + pdiv(42364.418, X2))))))), X1)) + pdiv(X2, (-0.051831968 * X2))), X1) + X1), X1), (log(abs(24776.143)) + pdiv((-151.40604 + X2), X2)))) - -1.2838774) + pdiv((705.0977 + pdiv(X2, log(abs(-1.0035154)))), pdiv(X1, X2)))) ^ (pdiv((-425384.38 + X1), (((2.949632e7 * X2) - 3.5791732e7) + pdiv(1.9854859e8, X1))) * X1)))))) [likelihood params: Float32[]]"
150,20059690,417.32397,417.32397,0.00016450816,0.00327114,0.9952286,0.6699408,123.82214,12885.918,76.854,Inf,90,"(650.38947 * (0.19420478 - (-3.213835 * pdiv(pdiv(X2, log(abs(1.0051099))), (abs((((1.9682174 * pdiv(pdiv((pdiv(((((101374.57 * X1) - 721128.7) + pdiv((2.5070688e7 + pdiv(2.4142474e7, log(abs(pdiv(log(abs((1.3929666e6 - -7.070667e6))), (((2131.8855 * X2) - 18873.844) + pdiv(42364.418, X2))))))), X1)) + pdiv(X2, (-0.051831968 * X2))), X1) + X1), X1), (log(abs(24776.143)) + pdiv((-151.40604 + X2), X2)))) - -1.2838774) + pdiv((705.0977 + pdiv(X2, log(abs(-1.0035154)))), pdiv(X1, X2)))) ^ (pdiv((-425384.38 + X1), (((2.949632e7 * X2) - 3.5791732e7) + pdiv(1.9854859e8, X1))) * X1)))))) [likelihood params: Float32[]]"
151,20262096,417.32397,417.32397,0.00016450816,0.00327114,0.9952286,0.6699408,123.82214,12885.918,77.442,Inf,90,"(650.38947 * (0.19420478 - (-3.213835 * pdiv(pdiv(X2, log(abs(1.0051099))), (abs((((1.9682174 * pdiv(pdiv((pdiv(((((101374.57 * X1) - 721128.7) + pdiv((2.5070688e7 + pdiv(2.4142474e7, log(abs(pdiv(log(abs((1.3929666e6 - -7.070667e6))), (((2131.8855 * X2) - 18873.844) + pdiv(42364.418, X2))))))), X1)) + pdiv(X2, (-0.051831968 * X2))), X1) + X1), X1), (log(abs(24776.143)) + pdiv((-151.40604 + X2), X2)))) - -1.2838774) + pdiv((705.0977 + pdiv(X2, log(abs(-1.0035154)))), pdiv(X1, X2)))) ^ (pdiv((-425384.38 + X1), (((2.949632e7 * X2) - 3.5791732e7) + pdiv(1.9854859e8, X1))) * X1)))))) [likelihood params: Float32[]]"
152,20507956,417.32397,417.32397,0.00016450816,0.00327114,0.9952286,0.6699408,123.82214,12885.918,75.834,Inf,90,"(650.38947 * (0.19420478 - (-3.213835 * pdiv(pdiv(X2, log(abs(1.0051099))), (abs((((1.9682174 * pdiv(pdiv((pdiv(((((101374.57 * X1) - 721128.7) + pdiv((2.5070688e7 + pdiv(2.4142474e7, log(abs(pdiv(log(abs((1.3929666e6 - -7.070667e6))), (((2131.8855 * X2) - 18873.844) + pdiv(42364.418, X2))))))), X1)) + pdiv(X2, (-0.051831968 * X2))), X1) + X1), X1), (log(abs(24776.143)) + pdiv((-151.40604 + X2), X2)))) - -1.2838774) + pdiv((705.0977 + pdiv(X2, log(abs(-1.0035154)))), pdiv(X1, X2)))) ^ (pdiv((-425384.38 + X1), (((2.949632e7 * X2) - 3.5791732e7) + pdiv(1.9854859e8, X1))) * X1)))))) [likelihood params: Float32[]]"
153,20728558,417.32397,417.32397,0.00016450816,0.00327114,0.9952286,0.6699408,123.82214,12885.918,74.368,Inf,90,"(650.38947 * (0.19420478 - (-3.213835 * pdiv(pdiv(X2, log(abs(1.0051099))), (abs((((1.9682174 * pdiv(pdiv((pdiv(((((101374.57 * X1) - 721128.7) + pdiv((2.5070688e7 + pdiv(2.4142474e7, log(abs(pdiv(log(abs((1.3929666e6 - -7.070667e6))), (((2131.8855 * X2) - 18873.844) + pdiv(42364.418, X2))))))), X1)) + pdiv(X2, (-0.051831968 * X2))), X1) + X1), X1), (log(abs(24776.143)) + pdiv((-151.40604 + X2), X2)))) - -1.2838774) + pdiv((705.0977 + pdiv(X2, log(abs(-1.0035154)))), pdiv(X1, X2)))) ^ (pdiv((-425384.38 + X1), (((2.949632e7 * X2) - 3.5791732e7) + pdiv(1.9854859e8, X1))) * X1)))))) [likelihood params: Float32[]]"
154,20952325,417.32397,417.32397,0.00016450816,0.00327114,0.9952286,0.6699408,123.82214,12885.918,75.15,Inf,90,"(650.38947 * (0.19420478 - (-3.213835 * pdiv(pdiv(X2, log(abs(1.0051099))), (abs((((1.9682174 * pdiv(pdiv((pdiv(((((101374.57 * X1) - 721128.7) + pdiv((2.5070688e7 + pdiv(2.4142474e7, log(abs(pdiv(log(abs((1.3929666e6 - -7.070667e6))), (((2131.8855 * X2) - 18873.844) + pdiv(42364.418, X2))))))), X1)) + pdiv(X2, (-0.051831968 * X2))), X1) + X1), X1), (log(abs(24776.143)) + pdiv((-151.40604 + X2), X2)))) - -1.2838774) + pdiv((705.0977 + pdiv(X2, log(abs(-1.0035154)))), pdiv(X1, X2)))) ^ (pdiv((-425384.38 + X1), (((2.949632e7 * X2) - 3.5791732e7) + pdiv(1.9854859e8, X1))) * X1)))))) [likelihood params: Float32[]]"
155,21184097,417.32397,417.32397,0.00016450816,0.00327114,0.9952286,0.6699408,123.82214,12885.918,74.778,Inf,90,"(650.38947 * (0.19420478 - (-3.213835 * pdiv(pdiv(X2, log(abs(1.0051099))), (abs((((1.9682174 * pdiv(pdiv((pdiv(((((101374.57 * X1) - 721128.7) + pdiv((2.5070688e7 + pdiv(2.4142474e7, log(abs(pdiv(log(abs((1.3929666e6 - -7.070667e6))), (((2131.8855 * X2) - 18873.844) + pdiv(42364.418, X2))))))), X1)) + pdiv(X2, (-0.051831968 * X2))), X1) + X1), X1), (log(abs(24776.143)) + pdiv((-151.40604 + X2), X2)))) - -1.2838774) + pdiv((705.0977 + pdiv(X2, log(abs(-1.0035154)))), pdiv(X1, X2)))) ^ (pdiv((-425384.38 + X1), (((2.949632e7 * X2) - 3.5791732e7) + pdiv(1.9854859e8, X1))) * X1)))))) [likelihood params: Float32[]]"
156,21396010,417.32397,417.32397,0.00016450816,0.00327114,0.9952286,0.6699408,123.82214,12885.918,76.362,Inf,90,"(650.38947 * (0.19420478 - (-3.213835 * pdiv(pdiv(X2, log(abs(1.0051099))), (abs((((1.9682174 * pdiv(pdiv((pdiv(((((101374.57 * X1) - 721128.7) + pdiv((2.5070688e7 + pdiv(2.4142474e7, log(abs(pdiv(log(abs((1.3929666e6 - -7.070667e6))), (((2131.8855 * X2) - 18873.844) + pdiv(42364.418, X2))))))), X1)) + pdiv(X2, (-0.051831968 * X2))), X1) + X1), X1), (log(abs(24776.143)) + pdiv((-151.40604 + X2), X2)))) - -1.2838774) + pdiv((705.0977 + pdiv(X2, log(abs(-1.0035154)))), pdiv(X1, X2)))) ^ (pdiv((-425384.38 + X1), (((2.949632e7 * X2) - 3.5791732e7) + pdiv(1.9854859e8, X1))) * X1)))))) [likelihood params: Float32[]]"
157,21584702,417.32397,417.32397,0.00016450816,0.00327114,0.9952286,0.6699408,123.82214,12885.918,75.852,Inf,90,"(650.38947 * (0.19420478 - (-3.213835 * pdiv(pdiv(X2, log(abs(1.0051099))), (abs((((1.9682174 * pdiv(pdiv((pdiv(((((101374.57 * X1) - 721128.7) + pdiv((2.5070688e7 + pdiv(2.4142474e7, log(abs(pdiv(log(abs((1.3929666e6 - -7.070667e6))), (((2131.8855 * X2) - 18873.844) + pdiv(42364.418, X2))))))), X1)) + pdiv(X2, (-0.051831968 * X2))), X1) + X1), X1), (log(abs(24776.143)) + pdiv((-151.40604 + X2), X2)))) - -1.2838774) + pdiv((705.0977 + pdiv(X2, log(abs(-1.0035154)))), pdiv(X1, X2)))) ^ (pdiv((-425384.38 + X1), (((2.949632e7 * X2) - 3.5791732e7) + pdiv(1.9854859e8, X1))) * X1)))))) [likelihood params: Float32[]]"
158,21798618,417.32397,417.32397,0.00016450816,0.00327114,0.9952286,0.6699408,123.82214,12885.918,75.082,Inf,90,"(650.38947 * (0.19420478 - (-3.213835 * pdiv(pdiv(X2, log(abs(1.0051099))), (abs((((1.9682174 * pdiv(pdiv((pdiv(((((101374.57 * X1) - 721128.7) + pdiv((2.5070688e7 + pdiv(2.4142474e7, log(abs(pdiv(log(abs((1.3929666e6 - -7.070667e6))), (((2131.8855 * X2) - 18873.844) + pdiv(42364.418, X2))))))), X1)) + pdiv(X2, (-0.051831968 * X2))), X1) + X1), X1), (log(abs(24776.143)) + pdiv((-151.40604 + X2), X2)))) - -1.2838774) + pdiv((705.0977 + pdiv(X2, log(abs(-1.0035154)))), pdiv(X1, X2)))) ^ (pdiv((-425384.38 + X1), (((2.949632e7 * X2) - 3.5791732e7) + pdiv(1.9854859e8, X1))) * X1)))))) [likelihood params: Float32[]]"
159,22043392,417.32397,417.32397,0.00016450816,0.00327114,0.9952286,0.6699408,123.82214,12885.918,75.496,Inf,90,"(650.38947 * (0.19420478 - (-3.213835 * pdiv(pdiv(X2, log(abs(1.0051099))), (abs((((1.9682174 * pdiv(pdiv((pdiv(((((101374.57 * X1) - 721128.7) + pdiv((2.5070688e7 + pdiv(2.4142474e7, log(abs(pdiv(log(abs((1.3929666e6 - -7.070667e6))), (((2131.8855 * X2) - 18873.844) + pdiv(42364.418, X2))))))), X1)) + pdiv(X2, (-0.051831968 * X2))), X1) + X1), X1), (log(abs(24776.143)) + pdiv((-151.40604 + X2), X2)))) - -1.2838774) + pdiv((705.0977 + pdiv(X2, log(abs(-1.0035154)))), pdiv(X1, X2)))) ^ (pdiv((-425384.38 + X1), (((2.949632e7 * X2) - 3.5791732e7) + pdiv(1.9854859e8, X1))) * X1)))))) [likelihood params: Float32[]]"
160,22257322,416.2276,416.2276,0.0001635965,0.0016225231,0.995255,0.8362869,117.26953,6085.374,74.136,Inf,88,"(650.38947 * (0.19420478 - (-3.213835 * pdiv(pdiv(X2, log(abs(1.0051099))), (abs((((1.4628551 * pdiv(pdiv((pdiv(((((237437.22 * X1) - 1.0901521e6) + pdiv((3.6122228e7 + pdiv(3.121553e7, log(abs(pdiv(log(abs((2.2534548e6 - -7.931074e6))), (((922.061 * X2) - 8073.6777) + pdiv(18172.762, X2))))))), X1)) + pdiv(X2, (482.38132 * X2))), X1) + X1), X1), (log(abs(34592.664)) + pdiv((-170.84288 + X2), X2)))) - -1.2074995) + pdiv((1362.9294 + pdiv(X2, log(abs(-1.0028555)))), pdiv(X1, X2)))) ^ (pdiv((-527415.44 + X1), (((3.5104932e7 * X2) - 3.0990202e7) + X1)) * X1)))))) [likelihood params: Float32[]]"
161,22472058,412.04565,412.04565,0.00016175832,0.003385762,0.99530834,0.6583755,104.05762,13358.733,74.294,Inf,93,"(650.38947 * (0.19420478 - (-3.213835 * pdiv(pdiv(X2, ((-0.20521225 * X2) - -0.81107944)), (abs((((1.6760894 * pdiv(pdiv((pdiv(((((199330.4 * X1) - 1.00705544e6) + pdiv((3.5594028e7 + pdiv(3.1805756e7, log(abs(pdiv(log(abs((2.3401528e6 - -8.021145e6))), (((1428.6768 * X2) - 12654.412) + pdiv(28515.842, X2))))))), X1)) + pdiv(X1, (6712.913 * X2))), X1) + X1), X1), (log(abs(17354.768)) + pdiv((-164.12535 + X2), X2)))) - -1.2768059) + pdiv((1383.3223 + pdiv(X2, log(abs(-1.0029619)))), pdiv(X1, X2)))) ^ (pdiv((-423643.44 + X1), (((2.8688774e7 * X2) - 3.1692382e7) + pdiv(1.9946568e8, X1))) * X1)))))) [likelihood params: Float32[]]"
162,22727974,388.2096,388.2096,0.00015832746,0.0031855719,0.9954078,0.6785747,79.398315,12532.949,73.94,Inf,95,"(650.38947 * (0.19420478 - (-3.213835 * pdiv(pdiv(X2, ((X2 * X2) - -0.81107944)), (abs((((2.0617604 * pdiv(pdiv((pdiv(((((101485.89 * X1) - 688178.06) + pdiv((2.393918e7 + pdiv(2.5661482e7, log(abs(pdiv(log(abs((1.5377822e6 - -7.216014e6))), (((1932.9962 * X2) - 17115.615) + pdiv(38555.02, X2))))))), X1)) + pdiv(X1, (2049.1062 * X2))), X1) + pdiv(33669.4, X1)), X1), (log(abs(17063.066)) + pdiv((-149.00922 + X2), X2)))) - -1.1859406) + pdiv((806.8822 + pdiv(X2, log(abs(-1.0034878)))), pdiv(X1, X2)))) ^ (pdiv((-431857.72 + X1), (((2.9252816e7 * X2) - 3.4309332e7) + pdiv(1.9886486e8, X1))) * X1)))))) [likelihood params: Float32[]]"
163,22979738,388.2096,388.2096,0.00015832746,0.0031855719,0.9954078,0.6785747,79.398315,12532.949,75.326,Inf,95,"(650.38947 * (0.19420478 - (-3.213835 * pdiv(pdiv(X2, ((X2 * X2) - -0.81107944)), (abs((((2.0617604 * pdiv(pdiv((pdiv(((((101485.89 * X1) - 688178.06) + pdiv((2.393918e7 + pdiv(2.5661482e7, log(abs(pdiv(log(abs((1.5377822e6 - -7.216014e6))), (((1932.9962 * X2) - 17115.615) + pdiv(38555.02, X2))))))), X1)) + pdiv(X1, (2049.1062 * X2))), X1) + pdiv(33669.4, X1)), X1), (log(abs(17063.066)) + pdiv((-149.00922 + X2), X2)))) - -1.1859406) + pdiv((806.8822 + pdiv(X2, log(abs(-1.0034878)))), pdiv(X1, X2)))) ^ (pdiv((-431857.72 + X1), (((2.9252816e7 * X2) - 3.4309332e7) + pdiv(1.9886486e8, X1))) * X1)))))) [likelihood params: Float32[]]"
164,23220427,388.2096,388.2096,0.00015832746,0.0031855719,0.9954078,0.6785747,79.398315,12532.949,75.552,Inf,95,"(650.38947 * (0.19420478 - (-3.213835 * pdiv(pdiv(X2, ((X2 * X2) - -0.81107944)), (abs((((2.0617604 * pdiv(pdiv((pdiv(((((101485.89 * X1) - 688178.06) + pdiv((2.393918e7 + pdiv(2.5661482e7, log(abs(pdiv(log(abs((1.5377822e6 - -7.216014e6))), (((1932.9962 * X2) - 17115.615) + pdiv(38555.02, X2))))))), X1)) + pdiv(X1, (2049.1062 * X2))), X1) + pdiv(33669.4, X1)), X1), (log(abs(17063.066)) + pdiv((-149.00922 + X2), X2)))) - -1.1859406) + pdiv((806.8822 + pdiv(X2, log(abs(-1.0034878)))), pdiv(X1, X2)))) ^ (pdiv((-431857.72 + X1), (((2.9252816e7 * X2) - 3.4309332e7) + pdiv(1.9886486e8, X1))) * X1)))))) [likelihood params: Float32[]]"
165,23506291,386.14047,386.14047,0.00015821536,0.003183548,0.9954111,0.6787789,78.59265,12524.602,74.802,Inf,95,"(650.38947 * (0.19420478 - (-3.213835 * pdiv(pdiv(X2, ((X2 * X2) - X1)), (abs((((2.061762 * pdiv(pdiv((pdiv(((((101485.36 * X1) - 688246.56) + pdiv((2.3939236e7 + pdiv(2.5661486e7, log(abs(pdiv(log(abs((1.5377844e6 - -7.216016e6))), (((1932.9751 * X2) - 17115.568) + pdiv(38555.492, X2))))))), X1)) + pdiv(X1, (2049.143 * X2))), X1) + pdiv(33600.906, X1)), X1), (log(abs(17081.479)) + pdiv((-149.0073 + X2), X2)))) - -1.1856697) + pdiv((806.94617 + pdiv(X2, log(abs(-1.0034878)))), pdiv(X1, X2)))) ^ (pdiv((-432379.6 + 555.9438), (((2.9252728e7 * X2) - 3.430929e7) + pdiv(1.9886486e8, X1))) * X1)))))) [likelihood params: Float32[]]"
166,23771209,381.08804,381.08804,0.00015832727,0.0031856524,0.9954078,0.6785666,79.39685,12533.281,74.724,Inf,93,"(650.38947 * (0.19420478 - (-3.213835 * pdiv(pdiv(X2, ((X2 * (X2 * X2)) - X1)), (abs((((2.0617604 * pdiv(pdiv((pdiv(((((101485.89 * X1) - 688178.06) + pdiv((2.393918e7 + pdiv(2.5661482e7, log(abs(pdiv(log(abs((1.5377822e6 - -7.216014e6))), (((1932.9962 * X2) - 17115.615) + pdiv(38555.02, X2))))))), X1)) + 2.037512), X1) + pdiv(33669.4, X1)), X1), (log(abs(17063.066)) + pdiv((-149.00922 + X2), X2)))) - -1.1859406) + pdiv((806.8822 + pdiv(X2, log(abs(-1.0034878)))), pdiv(X1, X2)))) ^ (pdiv((-431857.72 + X1), (((2.9252816e7 * X2) - 3.4309332e7) + pdiv(1.9886486e8, X1))) * X1)))))) [likelihood params: Float32[]]"
167,23996710,381.08804,381.08804,0.00015832727,0.0031856524,0.9954078,0.6785666,79.39685,12533.281,75.486,Inf,93,"(650.38947 * (0.19420478 - (-3.213835 * pdiv(pdiv(X2, ((X2 * (X2 * X2)) - X1)), (abs((((2.0617604 * pdiv(pdiv((pdiv(((((101485.89 * X1) - 688178.06) + pdiv((2.393918e7 + pdiv(2.5661482e7, log(abs(pdiv(log(abs((1.5377822e6 - -7.216014e6))), (((1932.9962 * X2) - 17115.615) + pdiv(38555.02, X2))))))), X1)) + 2.037512), X1) + pdiv(33669.4, X1)), X1), (log(abs(17063.066)) + pdiv((-149.00922 + X2), X2)))) - -1.1859406) + pdiv((806.8822 + pdiv(X2, log(abs(-1.0034878)))), pdiv(X1, X2)))) ^ (pdiv((-431857.72 + X1), (((2.9252816e7 * X2) - 3.4309332e7) + pdiv(1.9886486e8, X1))) * X1)))))) [likelihood params: Float32[]]"
168,24214988,381.08804,381.08804,0.00015832727,0.0031856524,0.9954078,0.6785666,79.39685,12533.281,75.816,Inf,93,"(650.38947 * (0.19420478 - (-3.213835 * pdiv(pdiv(X2, ((X2 * (X2 * X2)) - X1)), (abs((((2.0617604 * pdiv(pdiv((pdiv(((((101485.89 * X1) - 688178.06) + pdiv((2.393918e7 + pdiv(2.5661482e7, log(abs(pdiv(log(abs((1.5377822e6 - -7.216014e6))), (((1932.9962 * X2) - 17115.615) + pdiv(38555.02, X2))))))), X1)) + 2.037512), X1) + pdiv(33669.4, X1)), X1), (log(abs(17063.066)) + pdiv((-149.00922 + X2), X2)))) - -1.1859406) + pdiv((806.8822 + pdiv(X2, log(abs(-1.0034878)))), pdiv(X1, X2)))) ^ (pdiv((-431857.72 + X1), (((2.9252816e7 * X2) - 3.4309332e7) + pdiv(1.9886486e8, X1))) * X1)))))) [likelihood params: Float32[]]"
169,24530232,381.08804,381.08804,0.00015832727,0.0031856524,0.9954078,0.6785666,79.39685,12533.281,76.194,Inf,93,"(650.38947 * (0.19420478 - (-3.213835 * pdiv(pdiv(X2, ((X2 * (X2 * X2)) - X1)), (abs((((2.0617604 * pdiv(pdiv((pdiv(((((101485.89 * X1) - 688178.06) + pdiv((2.393918e7 + pdiv(2.5661482e7, log(abs(pdiv(log(abs((1.5377822e6 - -7.216014e6))), (((1932.9962 * X2) - 17115.615) + pdiv(38555.02, X2))))))), X1)) + 2.037512), X1) + pdiv(33669.4, X1)), X1), (log(abs(17063.066)) + pdiv((-149.00922 + X2), X2)))) - -1.1859406) + pdiv((806.8822 + pdiv(X2, log(abs(-1.0034878)))), pdiv(X1, X2)))) ^ (pdiv((-431857.72 + X1), (((2.9252816e7 * X2) - 3.4309332e7) + pdiv(1.9886486e8, X1))) * X1)))))) [likelihood params: Float32[]]"
170,24809474,381.08804,381.08804,0.00015832727,0.0031856524,0.9954078,0.6785666,79.39685,12533.281,78.248,Inf,93,"(650.38947 * (0.19420478 - (-3.213835 * pdiv(pdiv(X2, ((X2 * (X2 * X2)) - X1)), (abs((((2.0617604 * pdiv(pdiv((pdiv(((((101485.89 * X1) - 688178.06) + pdiv((2.393918e7 + pdiv(2.5661482e7, log(abs(pdiv(log(abs((1.5377822e6 - -7.216014e6))), (((1932.9962 * X2) - 17115.615) + pdiv(38555.02, X2))))))), X1)) + 2.037512), X1) + pdiv(33669.4, X1)), X1), (log(abs(17063.066)) + pdiv((-149.00922 + X2), X2)))) - -1.1859406) + pdiv((806.8822 + pdiv(X2, log(abs(-1.0034878)))), pdiv(X1, X2)))) ^ (pdiv((-431857.72 + X1), (((2.9252816e7 * X2) - 3.4309332e7) + pdiv(1.9886486e8, X1))) * X1)))))) [likelihood params: Float32[]]"
171,25033100,381.08804,381.08804,0.00015832727,0.0031856524,0.9954078,0.6785666,79.39685,12533.281,76.298,Inf,93,"(650.38947 * (0.19420478 - (-3.213835 * pdiv(pdiv(X2, ((X2 * (X2 * X2)) - X1)), (abs((((2.0617604 * pdiv(pdiv((pdiv(((((101485.89 * X1) - 688178.06) + pdiv((2.393918e7 + pdiv(2.5661482e7, log(abs(pdiv(log(abs((1.5377822e6 - -7.216014e6))), (((1932.9962 * X2) - 17115.615) + pdiv(38555.02, X2))))))), X1)) + 2.037512), X1) + pdiv(33669.4, X1)), X1), (log(abs(17063.066)) + pdiv((-149.00922 + X2), X2)))) - -1.1859406) + pdiv((806.8822 + pdiv(X2, log(abs(-1.0034878)))), pdiv(X1, X2)))) ^ (pdiv((-431857.72 + X1), (((2.9252816e7 * X2) - 3.4309332e7) + pdiv(1.9886486e8, X1))) * X1)))))) [likelihood params: Float32[]]"
172,25221555,381.08804,381.08804,0.00015832727,0.0031856524,0.9954078,0.6785666,79.39685,12533.281,76.728,Inf,93,"(650.38947 * (0.19420478 - (-3.213835 * pdiv(pdiv(X2, ((X2 * (X2 * X2)) - X1)), (abs((((2.0617604 * pdiv(pdiv((pdiv(((((101485.89 * X1) - 688178.06) + pdiv((2.393918e7 + pdiv(2.5661482e7, log(abs(pdiv(log(abs((1.5377822e6 - -7.216014e6))), (((1932.9962 * X2) - 17115.615) + pdiv(38555.02, X2))))))), X1)) + 2.037512), X1) + pdiv(33669.4, X1)), X1), (log(abs(17063.066)) + pdiv((-149.00922 + X2), X2)))) - -1.1859406) + pdiv((806.8822 + pdiv(X2, log(abs(-1.0034878)))), pdiv(X1, X2)))) ^ (pdiv((-431857.72 + X1), (((2.9252816e7 * X2) - 3.4309332e7) + pdiv(1.9886486e8, X1))) * X1)))))) [likelihood params: Float32[]]"
173,25438424,381.08804,381.08804,0.00015832727,0.0031856524,0.9954078,0.6785666,79.39685,12533.281,75.668,Inf,93,"(650.38947 * (0.19420478 - (-3.213835 * pdiv(pdiv(X2, ((X2 * (X2 * X2)) - X1)), (abs((((2.0617604 * pdiv(pdiv((pdiv(((((101485.89 * X1) - 688178.06) + pdiv((2.393918e7 + pdiv(2.5661482e7, log(abs(pdiv(log(abs((1.5377822e6 - -7.216014e6))), (((1932.9962 * X2) - 17115.615) + pdiv(38555.02, X2))))))), X1)) + 2.037512), X1) + pdiv(33669.4, X1)), X1), (log(abs(17063.066)) + pdiv((-149.00922 + X2), X2)))) - -1.1859406) + pdiv((806.8822 + pdiv(X2, log(abs(-1.0034878)))), pdiv(X1, X2)))) ^ (pdiv((-431857.72 + X1), (((2.9252816e7 * X2) - 3.4309332e7) + pdiv(1.9886486e8, X1))) * X1)))))) [likelihood params: Float32[]]"
174,25618947,381.08804,381.08804,0.00015832727,0.0031856524,0.9954078,0.6785666,79.39685,12533.281,75.556,Inf,93,"(650.38947 * (0.19420478 - (-3.213835 * pdiv(pdiv(X2, ((X2 * (X2 * X2)) - X1)), (abs((((2.0617604 * pdiv(pdiv((pdiv(((((101485.89 * X1) - 688178.06) + pdiv((2.393918e7 + pdiv(2.5661482e7, log(abs(pdiv(log(abs((1.5377822e6 - -7.216014e6))), (((1932.9962 * X2) - 17115.615) + pdiv(38555.02, X2))))))), X1)) + 2.037512), X1) + pdiv(33669.4, X1)), X1), (log(abs(17063.066)) + pdiv((-149.00922 + X2), X2)))) - -1.1859406) + pdiv((806.8822 + pdiv(X2, log(abs(-1.0034878)))), pdiv(X1, X2)))) ^ (pdiv((-431857.72 + X1), (((2.9252816e7 * X2) - 3.4309332e7) + pdiv(1.9886486e8, X1))) * X1)))))) [likelihood params: Float32[]]"
175,25818430,381.08804,381.08804,0.00015832727,0.0031856524,0.9954078,0.6785666,79.39685,12533.281,73.85,Inf,93,"(650.38947 * (0.19420478 - (-3.213835 * pdiv(pdiv(X2, ((X2 * (X2 * X2)) - X1)), (abs((((2.0617604 * pdiv(pdiv((pdiv(((((101485.89 * X1) - 688178.06) + pdiv((2.393918e7 + pdiv(2.5661482e7, log(abs(pdiv(log(abs((1.5377822e6 - -7.216014e6))), (((1932.9962 * X2) - 17115.615) + pdiv(38555.02, X2))))))), X1)) + 2.037512), X1) + pdiv(33669.4, X1)), X1), (log(abs(17063.066)) + pdiv((-149.00922 + X2), X2)))) - -1.1859406) + pdiv((806.8822 + pdiv(X2, log(abs(-1.0034878)))), pdiv(X1, X2)))) ^ (pdiv((-431857.72 + X1), (((2.9252816e7 * X2) - 3.4309332e7) + pdiv(1.9886486e8, X1))) * X1)))))) [likelihood params: Float32[]]"
176,26012927,381.08804,381.08804,0.00015832727,0.0031856524,0.9954078,0.6785666,79.39685,12533.281,73.372,Inf,93,"(650.38947 * (0.19420478 - (-3.213835 * pdiv(pdiv(X2, ((X2 * (X2 * X2)) - X1)), (abs((((2.0617604 * pdiv(pdiv((pdiv(((((101485.89 * X1) - 688178.06) + pdiv((2.393918e7 + pdiv(2.5661482e7, log(abs(pdiv(log(abs((1.5377822e6 - -7.216014e6))), (((1932.9962 * X2) - 17115.615) + pdiv(38555.02, X2))))))), X1)) + 2.037512), X1) + pdiv(33669.4, X1)), X1), (log(abs(17063.066)) + pdiv((-149.00922 + X2), X2)))) - -1.1859406) + pdiv((806.8822 + pdiv(X2, log(abs(-1.0034878)))), pdiv(X1, X2)))) ^ (pdiv((-431857.72 + X1), (((2.9252816e7 * X2) - 3.4309332e7) + pdiv(1.9886486e8, X1))) * X1)))))) [likelihood params: Float32[]]"
177,26175826,381.08804,381.08804,0.00015832727,0.0031856524,0.9954078,0.6785666,79.39685,12533.281,73.284,Inf,93,"(650.38947 * (0.19420478 - (-3.213835 * pdiv(pdiv(X2, ((X2 * (X2 * X2)) - X1)), (abs((((2.0617604 * pdiv(pdiv((pdiv(((((101485.89 * X1) - 688178.06) + pdiv((2.393918e7 + pdiv(2.5661482e7, log(abs(pdiv(log(abs((1.5377822e6 - -7.216014e6))), (((1932.9962 * X2) - 17115.615) + pdiv(38555.02, X2))))))), X1)) + 2.037512), X1) + pdiv(33669.4, X1)), X1), (log(abs(17063.066)) + pdiv((-149.00922 + X2), X2)))) - -1.1859406) + pdiv((806.8822 + pdiv(X2, log(abs(-1.0034878)))), pdiv(X1, X2)))) ^ (pdiv((-431857.72 + X1), (((2.9252816e7 * X2) - 3.4309332e7) + pdiv(1.9886486e8, X1))) * X1)))))) [likelihood params: Float32[]]"
178,26381969,381.08804,381.08804,0.00015832727,0.0031856524,0.9954078,0.6785666,79.39685,12533.281,75.264,Inf,93,"(650.38947 * (0.19420478 - (-3.213835 * pdiv(pdiv(X2, ((X2 * (X2 * X2)) - X1)), (abs((((2.0617604 * pdiv(pdiv((pdiv(((((101485.89 * X1) - 688178.06) + pdiv((2.393918e7 + pdiv(2.5661482e7, log(abs(pdiv(log(abs((1.5377822e6 - -7.216014e6))), (((1932.9962 * X2) - 17115.615) + pdiv(38555.02, X2))))))), X1)) + 2.037512), X1) + pdiv(33669.4, X1)), X1), (log(abs(17063.066)) + pdiv((-149.00922 + X2), X2)))) - -1.1859406) + pdiv((806.8822 + pdiv(X2, log(abs(-1.0034878)))), pdiv(X1, X2)))) ^ (pdiv((-431857.72 + X1), (((2.9252816e7 * X2) - 3.4309332e7) + pdiv(1.9886486e8, X1))) * X1)))))) [likelihood params: Float32[]]"
179,26622758,381.08804,381.08804,0.00015832727,0.0031856524,0.9954078,0.6785666,79.39685,12533.281,74.624,Inf,93,"(650.38947 * (0.19420478 - (-3.213835 * pdiv(pdiv(X2, ((X2 * (X2 * X2)) - X1)), (abs((((2.0617604 * pdiv(pdiv((pdiv(((((101485.89 * X1) - 688178.06) + pdiv((2.393918e7 + pdiv(2.5661482e7, log(abs(pdiv(log(abs((1.5377822e6 - -7.216014e6))), (((1932.9962 * X2) - 17115.615) + pdiv(38555.02, X2))))))), X1)) + 2.037512), X1) + pdiv(33669.4, X1)), X1), (log(abs(17063.066)) + pdiv((-149.00922 + X2), X2)))) - -1.1859406) + pdiv((806.8822 + pdiv(X2, log(abs(-1.0034878)))), pdiv(X1, X2)))) ^ (pdiv((-431857.72 + X1), (((2.9252816e7 * X2) - 3.4309332e7) + pdiv(1.9886486e8, X1))) * X1)))))) [likelihood params: Float32[]]"
180,26886982,381.08804,381.08804,0.00015832727,0.0031856524,0.9954078,0.6785666,79.39685,12533.281,74.406,Inf,93,"(650.38947 * (0.19420478 - (-3.213835 * pdiv(pdiv(X2, ((X2 * (X2 * X2)) - X1)), (abs((((2.0617604 * pdiv(pdiv((pdiv(((((101485.89 * X1) - 688178.06) + pdiv((2.393918e7 + pdiv(2.5661482e7, log(abs(pdiv(log(abs((1.5377822e6 - -7.216014e6))), (((1932.9962 * X2) - 17115.615) + pdiv(38555.02, X2))))))), X1)) + 2.037512), X1) + pdiv(33669.4, X1)), X1), (log(abs(17063.066)) + pdiv((-149.00922 + X2), X2)))) - -1.1859406) + pdiv((806.8822 + pdiv(X2, log(abs(-1.0034878)))), pdiv(X1, X2)))) ^ (pdiv((-431857.72 + X1), (((2.9252816e7 * X2) - 3.4309332e7) + pdiv(1.9886486e8, X1))) * X1)))))) [likelihood params: Float32[]]"
181,27119563,381.08804,381.08804,0.00015832727,0.0031856524,0.9954078,0.6785666,79.39685,12533.281,74.582,Inf,93,"(650.38947 * (0.19420478 - (-3.213835 * pdiv(pdiv(X2, ((X2 * (X2 * X2)) - X1)), (abs((((2.0617604 * pdiv(pdiv((pdiv(((((101485.89 * X1) - 688178.06) + pdiv((2.393918e7 + pdiv(2.5661482e7, log(abs(pdiv(log(abs((1.5377822e6 - -7.216014e6))), (((1932.9962 * X2) - 17115.615) + pdiv(38555.02, X2))))))), X1)) + 2.037512), X1) + pdiv(33669.4, X1)), X1), (log(abs(17063.066)) + pdiv((-149.00922 + X2), X2)))) - -1.1859406) + pdiv((806.8822 + pdiv(X2, log(abs(-1.0034878)))), pdiv(X1, X2)))) ^ (pdiv((-431857.72 + X1), (((2.9252816e7 * X2) - 3.4309332e7) + pdiv(1.9886486e8, X1))) * X1)))))) [likelihood params: Float32[]]"
182,27395057,381.08804,381.08804,0.00015832727,0.0031856524,0.9954078,0.6785666,79.39685,12533.281,74.928,Inf,93,"(650.38947 * (0.19420478 - (-3.213835 * pdiv(pdiv(X2, ((X2 * (X2 * X2)) - X1)), (abs((((2.0617604 * pdiv(pdiv((pdiv(((((101485.89 * X1) - 688178.06) + pdiv((2.393918e7 + pdiv(2.5661482e7, log(abs(pdiv(log(abs((1.5377822e6 - -7.216014e6))), (((1932.9962 * X2) - 17115.615) + pdiv(38555.02, X2))))))), X1)) + 2.037512), X1) + pdiv(33669.4, X1)), X1), (log(abs(17063.066)) + pdiv((-149.00922 + X2), X2)))) - -1.1859406) + pdiv((806.8822 + pdiv(X2, log(abs(-1.0034878)))), pdiv(X1, X2)))) ^ (pdiv((-431857.72 + X1), (((2.9252816e7 * X2) - 3.4309332e7) + pdiv(1.9886486e8, X1))) * X1)))))) [likelihood params: Float32[]]"
183,27636893,381.08804,381.08804,0.00015832727,0.0031856524,0.9954078,0.6785666,79.39685,12533.281,74.01,Inf,93,"(650.38947 * (0.19420478 - (-3.213835 * pdiv(pdiv(X2, ((X2 * (X2 * X2)) - X1)), (abs((((2.0617604 * pdiv(pdiv((pdiv(((((101485.89 * X1) - 688178.06) + pdiv((2.393918e7 + pdiv(2.5661482e7, log(abs(pdiv(log(abs((1.5377822e6 - -7.216014e6))), (((1932.9962 * X2) - 17115.615) + pdiv(38555.02, X2))))))), X1)) + 2.037512), X1) + pdiv(33669.4, X1)), X1), (log(abs(17063.066)) + pdiv((-149.00922 + X2), X2)))) - -1.1859406) + pdiv((806.8822 + pdiv(X2, log(abs(-1.0034878)))), pdiv(X1, X2)))) ^ (pdiv((-431857.72 + X1), (((2.9252816e7 * X2) - 3.4309332e7) + pdiv(1.9886486e8, X1))) * X1)))))) [likelihood params: Float32[]]"
184,27887130,381.08804,381.08804,0.00015832727,0.0031856524,0.9954078,0.6785666,79.39685,12533.281,73.6,Inf,93,"(650.38947 * (0.19420478 - (-3.213835 * pdiv(pdiv(X2, ((X2 * (X2 * X2)) - X1)), (abs((((2.0617604 * pdiv(pdiv((pdiv(((((101485.89 * X1) - 688178.06) + pdiv((2.393918e7 + pdiv(2.5661482e7, log(abs(pdiv(log(abs((1.5377822e6 - -7.216014e6))), (((1932.9962 * X2) - 17115.615) + pdiv(38555.02, X2))))))), X1)) + 2.037512), X1) + pdiv(33669.4, X1)), X1), (log(abs(17063.066)) + pdiv((-149.00922 + X2), X2)))) - -1.1859406) + pdiv((806.8822 + pdiv(X2, log(abs(-1.0034878)))), pdiv(X1, X2)))) ^ (pdiv((-431857.72 + X1), (((2.9252816e7 * X2) - 3.4309332e7) + pdiv(1.9886486e8, X1))) * X1)))))) [likelihood params: Float32[]]"
185,28152297,373.04202,373.04202,0.00015675252,0.09537442,0.99545354,-8.623311,68.07837,392811.9,74.166,Inf,98,"(((((1.7524502 + X2) - ((8.8221455e-8 * X2) - 6.0494443e-7)) * X2) - X1) - (X2 - (log(abs(4895.8135)) * (X2 - (abs((((6.5386303e-6 * (pdiv(499.7093, X2) * X1)) - 0.6973584) + pdiv(((pdiv(X1, 1.0805987) + pdiv((2742.7861 + ((649.7923 * X2) - 6861.072)), X2)) + 608.6695), X1))) ^ (pdiv(log(abs(((-0.10143564 * X2) - -0.28993165))), (434.87933 + (((X2 * X2) - 6.26791) + pdiv((((-0.06051897 * X1) - -12.693295) + pdiv((-5052.546 + pdiv(34260.715, (X2 + (((0.99798024 * X1) - 72.9836) + pdiv((840.73566 + pdiv((21.70343 * X1), X2)), X1))))), X1)), log(abs(1.122703)))))) * X1)))))) [likelihood params: Float32[]]"
186,28416591,372.29913,372.29913,0.00015832727,0.0031856524,0.9954078,0.6785666,79.39685,12533.281,74.008,Inf,89,"(650.38947 * (0.19420478 - (-3.213835 * pdiv(pdiv(X2, (-237.00414 - X1)), (abs((((2.0617604 * pdiv(pdiv((pdiv(((((101485.89 * X1) - 688178.06) + pdiv((2.393918e7 + pdiv(2.5661482e7, log(abs(pdiv(log(abs((1.5377822e6 - -7.216014e6))), (((1932.9962 * X2) - 17115.615) + pdiv(38555.02, X2))))))), X1)) + 2.037512), X1) + pdiv(33669.4, X1)), X1), (log(abs(17063.066)) + pdiv((-149.00922 + X2), X2)))) - -1.1859406) + pdiv((806.8822 + pdiv(X2, log(abs(-1.0034878)))), pdiv(X1, X2)))) ^ (pdiv((-431857.72 + X1), (((2.9252816e7 * X2) - 3.4309332e7) + pdiv(1.9886486e8, X1))) * X1)))))) [likelihood params: Float32[]]"
187,28667505,346.67532,346.67532,0.00015675252,0.09537442,0.99545354,-8.623311,68.07837,392811.9,73.868,Inf,86,"(-5358.754 - (X2 - (log(abs(4895.8135)) * (X2 - (abs((((6.5386303e-6 * (pdiv(499.7093, X2) * X1)) - 0.6973584) + pdiv(((pdiv(X1, 1.0805987) + pdiv((2742.7861 + ((649.7923 * X2) - 6861.072)), X2)) + 608.6695), X1))) ^ (pdiv(log(abs(((-0.10143564 * X2) - -0.28993165))), (434.87933 + (((X2 * X2) - 6.26791) + pdiv((((-0.06051897 * X1) - -12.693295) + pdiv((-5052.546 + pdiv(34260.715, (X2 + (((0.99798024 * X1) - 72.9836) + pdiv((840.73566 + pdiv((21.70343 * X1), X2)), X1))))), X1)), log(abs(1.122703)))))) * X1)))))) [likelihood params: Float32[]]"
188,28919223,297.91656,297.91656,0.00014792998,0.12111767,0.9957094,-11.220814,4.666382,499002.78,72.57,Inf,86,"(-5358.754 - (X2 - (log(abs(4895.8135)) * (X2 - (abs((((1.15827845e-7 * (pdiv(-0.03327559, X2) * X1)) - 0.30238584) + pdiv(((pdiv(X1, 0.7213166) + pdiv((-355675.9 + ((97698.99 * X2) - -22115.314)), X1)) + -87.26172), X1))) ^ (pdiv(log(abs(((-0.096610226 * X2) - 0.06841989))), (389.84293 + (((X2 * X2) - 51.305225) + pdiv((((-0.093537204 * X1) - 1.9077903) + pdiv((-5477.222 + pdiv(24453.816, (X2 + (((0.95362175 * X1) - 73.828094) + pdiv((824.5681 + pdiv((21.679214 * X1), X2)), X1))))), X1)), log(abs(1.255102)))))) * X1)))))) [likelihood params: Float32[]]"
189,29123940,297.91656,297.91656,0.00014792998,0.12111767,0.9957094,-11.220814,4.666382,499002.78,71.368,Inf,86,"(-5358.754 - (X2 - (log(abs(4895.8135)) * (X2 - (abs((((1.15827845e-7 * (pdiv(-0.03327559, X2) * X1)) - 0.30238584) + pdiv(((pdiv(X1, 0.7213166) + pdiv((-355675.9 + ((97698.99 * X2) - -22115.314)), X1)) + -87.26172), X1))) ^ (pdiv(log(abs(((-0.096610226 * X2) - 0.06841989))), (389.84293 + (((X2 * X2) - 51.305225) + pdiv((((-0.093537204 * X1) - 1.9077903) + pdiv((-5477.222 + pdiv(24453.816, (X2 + (((0.95362175 * X1) - 73.828094) + pdiv((824.5681 + pdiv((21.679214 * X1), X2)), X1))))), X1)), log(abs(1.255102)))))) * X1)))))) [likelihood params: Float32[]]"
190,29363988,297.91656,297.91656,0.00014792998,0.12111767,0.9957094,-11.220814,4.666382,499002.78,70.884,Inf,86,"(-5358.754 - (X2 - (log(abs(4895.8135)) * (X2 - (abs((((1.15827845e-7 * (pdiv(-0.03327559, X2) * X1)) - 0.30238584) + pdiv(((pdiv(X1, 0.7213166) + pdiv((-355675.9 + ((97698.99 * X2) - -22115.314)), X1)) + -87.26172), X1))) ^ (pdiv(log(abs(((-0.096610226 * X2) - 0.06841989))), (389.84293 + (((X2 * X2) - 51.305225) + pdiv((((-0.093537204 * X1) - 1.9077903) + pdiv((-5477.222 + pdiv(24453.816, (X2 + (((0.95362175 * X1) - 73.828094) + pdiv((824.5681 + pdiv((21.679214 * X1), X2)), X1))))), X1)), log(abs(1.255102)))))) * X1)))))) [likelihood params: Float32[]]"
191,29623275,297.91656,297.91656,0.00014792998,0.12111767,0.9957094,-11.220814,4.666382,499002.78,71.424,Inf,86,"(-5358.754 - (X2 - (log(abs(4895.8135)) * (X2 - (abs((((1.15827845e-7 * (pdiv(-0.03327559, X2) * X1)) - 0.30238584) + pdiv(((pdiv(X1, 0.7213166) + pdiv((-355675.9 + ((97698.99 * X2) - -22115.314)), X1)) + -87.26172), X1))) ^ (pdiv(log(abs(((-0.096610226 * X2) - 0.06841989))), (389.84293 + (((X2 * X2) - 51.305225) + pdiv((((-0.093537204 * X1) - 1.9077903) + pdiv((-5477.222 + pdiv(24453.816, (X2 + (((0.95362175 * X1) - 73.828094) + pdiv((824.5681 + pdiv((21.679214 * X1), X2)), X1))))), X1)), log(abs(1.255102)))))) * X1)))))) [likelihood params: Float32[]]"
192,29810699,297.91656,297.91656,0.00014792998,0.12111767,0.9957094,-11.220814,4.666382,499002.78,72.634,Inf,86,"(-5358.754 - (X2 - (log(abs(4895.8135)) * (X2 - (abs((((1.15827845e-7 * (pdiv(-0.03327559, X2) * X1)) - 0.30238584) + pdiv(((pdiv(X1, 0.7213166) + pdiv((-355675.9 + ((97698.99 * X2) - -22115.314)), X1)) + -87.26172), X1))) ^ (pdiv(log(abs(((-0.096610226 * X2) - 0.06841989))), (389.84293 + (((X2 * X2) - 51.305225) + pdiv((((-0.093537204 * X1) - 1.9077903) + pdiv((-5477.222 + pdiv(24453.816, (X2 + (((0.95362175 * X1) - 73.828094) + pdiv((824.5681 + pdiv((21.679214 * X1), X2)), X1))))), X1)), log(abs(1.255102)))))) * X1)))))) [likelihood params: Float32[]]"
193,30030131,297.91656,297.91656,0.00014792998,0.12111767,0.9957094,-11.220814,4.666382,499002.78,72.464,Inf,86,"(-5358.754 - (X2 - (log(abs(4895.8135)) * (X2 - (abs((((1.15827845e-7 * (pdiv(-0.03327559, X2) * X1)) - 0.30238584) + pdiv(((pdiv(X1, 0.7213166) + pdiv((-355675.9 + ((97698.99 * X2) - -22115.314)), X1)) + -87.26172), X1))) ^ (pdiv(log(abs(((-0.096610226 * X2) - 0.06841989))), (389.84293 + (((X2 * X2) - 51.305225) + pdiv((((-0.093537204 * X1) - 1.9077903) + pdiv((-5477.222 + pdiv(24453.816, (X2 + (((0.95362175 * X1) - 73.828094) + pdiv((824.5681 + pdiv((21.679214 * X1), X2)), X1))))), X1)), log(abs(1.255102)))))) * X1)))))) [likelihood params: Float32[]]"
194,30257148,297.91656,297.91656,0.00014792998,0.12111767,0.9957094,-11.220814,4.666382,499002.78,71.102,Inf,86,"(-5358.754 - (X2 - (log(abs(4895.8135)) * (X2 - (abs((((1.15827845e-7 * (pdiv(-0.03327559, X2) * X1)) - 0.30238584) + pdiv(((pdiv(X1, 0.7213166) + pdiv((-355675.9 + ((97698.99 * X2) - -22115.314)), X1)) + -87.26172), X1))) ^ (pdiv(log(abs(((-0.096610226 * X2) - 0.06841989))), (389.84293 + (((X2 * X2) - 51.305225) + pdiv((((-0.093537204 * X1) - 1.9077903) + pdiv((-5477.222 + pdiv(24453.816, (X2 + (((0.95362175 * X1) - 73.828094) + pdiv((824.5681 + pdiv((21.679214 * X1), X2)), X1))))), X1)), log(abs(1.255102)))))) * X1)))))) [likelihood params: Float32[]]"
195,30471867,297.91656,297.91656,0.00014792998,0.12111767,0.9957094,-11.220814,4.666382,499002.78,72.498,Inf,86,"(-5358.754 - (X2 - (log(abs(4895.8135)) * (X2 - (abs((((1.15827845e-7 * (pdiv(-0.03327559, X2) * X1)) - 0.30238584) + pdiv(((pdiv(X1, 0.7213166) + pdiv((-355675.9 + ((97698.99 * X2) - -22115.314)), X1)) + -87.26172), X1))) ^ (pdiv(log(abs(((-0.096610226 * X2) - 0.06841989))), (389.84293 + (((X2 * X2) - 51.305225) + pdiv((((-0.093537204 * X1) - 1.9077903) + pdiv((-5477.222 + pdiv(24453.816, (X2 + (((0.95362175 * X1) - 73.828094) + pdiv((824.5681 + pdiv((21.679214 * X1), X2)), X1))))), X1)), log(abs(1.255102)))))) * X1)))))) [likelihood params: Float32[]]"
196,30687348,271.38724,271.38724,0.00014570927,0.0026405284,0.9957738,0.7335698,-11.294922,10284.6455,71.578,Inf,76,"(abs((((0.0013158121 * X1) - -0.74401015) + pdiv((((((0.4850421 * X1) - -124.179535) + pdiv((175406.88 + pdiv(-640441.75, (X2 + pdiv(X2, (-1.2578521e8 + X1))))), X1)) + pdiv((-0.011099507 * (456.892 * X1)), X2)) + 96.075424), X1))) ^ (pdiv(log(abs(((-0.07450471 * X2) - 0.357654))), (44.55972 + pdiv((((6062.7734 * (pdiv((pdiv(log(abs(pdiv(X2, log(abs(-5.614598))))), ((8832.769 * X1) - -11284.338)) * 160510.12), X2) * X1)) - 10320.972) + (-10380.86 + X1)), X1))) * X1)) [likelihood params: Float32[]]"
197,30861848,271.38724,271.38724,0.00014570927,0.0026405284,0.9957738,0.7335698,-11.294922,10284.6455,70.356,Inf,76,"(abs((((0.0013158121 * X1) - -0.74401015) + pdiv((((((0.4850421 * X1) - -124.179535) + pdiv((175406.88 + pdiv(-640441.75, (X2 + pdiv(X2, (-1.2578521e8 + X1))))), X1)) + pdiv((-0.011099507 * (456.892 * X1)), X2)) + 96.075424), X1))) ^ (pdiv(log(abs(((-0.07450471 * X2) - 0.357654))), (44.55972 + pdiv((((6062.7734 * (pdiv((pdiv(log(abs(pdiv(X2, log(abs(-5.614598))))), ((8832.769 * X1) - -11284.338)) * 160510.12), X2) * X1)) - 10320.972) + (-10380.86 + X1)), X1))) * X1)) [likelihood params: Float32[]]"
198,31047222,124.263275,124.263275,0.00012519376,0.12705405,0.9963688,-11.8197975,-158.75012,523490.38,71.206,Inf,84,"(-5.5576145e6 - (X2 - (log(abs(4895.8135)) * (X2 - (abs((((0.00026657604 * (X2 * X1)) - 0.7459357) + pdiv(((pdiv(X1, 1.0541114) + pdiv((-353728.28 + ((53562.895 * X2) - -161693.11)), X1)) + 138.27252), X1))) ^ (pdiv(log(abs(((-0.1268324 * X2) - -0.16137254))), (313.85327 + (((X2 * X2) - 127.2615) + pdiv((((-0.24322464 * X1) - 26.269838) + pdiv((-6435.297 + pdiv(6273.5894, (X2 + (((0.88832766 * X1) - 75.32847) + pdiv((801.8973 + pdiv((21.470654 * X1), X2)), X1))))), X1)), log(abs(4.9474688)))))) * X1)))))) [likelihood params: Float32[]]"
199,31300287,124.263275,124.263275,0.00012519376,0.12705405,0.9963688,-11.8197975,-158.75012,523490.38,73.286,Inf,84,"(-5.5576145e6 - (X2 - (log(abs(4895.8135)) * (X2 - (abs((((0.00026657604 * (X2 * X1)) - 0.7459357) + pdiv(((pdiv(X1, 1.0541114) + pdiv((-353728.28 + ((53562.895 * X2) - -161693.11)), X1)) + 138.27252), X1))) ^ (pdiv(log(abs(((-0.1268324 * X2) - -0.16137254))), (313.85327 + (((X2 * X2) - 127.2615) + pdiv((((-0.24322464 * X1) - 26.269838) + pdiv((-6435.297 + pdiv(6273.5894, (X2 + (((0.88832766 * X1) - 75.32847) + pdiv((801.8973 + pdiv((21.470654 * X1), X2)), X1))))), X1)), log(abs(4.9474688)))))) * X1)))))) [likelihood params: Float32[]]"
200,31524534,124.263275,124.263275,0.00012519376,0.12705405,0.9963688,-11.8197975,-158.75012,523490.38,74.134,Inf,84,"(-5.5576145e6 - (X2 - (log(abs(4895.8135)) * (X2 - (abs((((0.00026657604 * (X2 * X1)) - 0.7459357) + pdiv(((pdiv(X1, 1.0541114) + pdiv((-353728.28 + ((53562.895 * X2) - -161693.11)), X1)) + 138.27252), X1))) ^ (pdiv(log(abs(((-0.1268324 * X2) - -0.16137254))), (313.85327 + (((X2 * X2) - 127.2615) + pdiv((((-0.24322464 * X1) - 26.269838) + pdiv((-6435.297 + pdiv(6273.5894, (X2 + (((0.88832766 * X1) - 75.32847) + pdiv((801.8973 + pdiv((21.470654 * X1), X2)), X1))))), X1)), log(abs(4.9474688)))))) * X1)))))) [likelihood params: Float32[]]"
13476.191678 seconds (151.62 M allocations: 28.231 GiB, 0.15% gc time, 1300 lock conflicts, 0.94% compilation time: 2% of which was recompilation)
